# MiniMesh v0.1
t -50 66.66666412353516 -50 -50 66.66666412353516 -16.66666603088379 -16.66666603088379 66.66666412353516 -50 255 153 153
t -50 66.66666412353516 -16.66666603088379 -16.66666603088379 66.66666412353516 -16.66666603088379 -16.66666603088379 66.66666412353516 -50 255 153 153
t -16.66666603088379 66.66666412353516 -50 -50 33.33333206176758 -50 -50 66.66666412353516 -50 255 153 153
t -16.66666603088379 66.66666412353516 -50 -16.66666603088379 33.33333206176758 -50 -50 33.33333206176758 -50 255 153 153
t -50 66.66666412353516 -16.66666603088379 -50 33.33333206176758 -16.66666603088379 -16.66666603088379 66.66666412353516 -16.66666603088379 255 153 153
t -50 33.33333206176758 -16.66666603088379 -16.66666603088379 33.33333206176758 -16.66666603088379 -16.66666603088379 66.66666412353516 -16.66666603088379 255 153 153
t -50 66.66666412353516 -50 -50 33.33333206176758 -50 -50 66.66666412353516 -16.66666603088379 255 153 153
t -50 33.33333206176758 -50 -50 33.33333206176758 -16.66666603088379 -50 66.66666412353516 -16.66666603088379 255 153 153
t -16.66666603088379 66.66666412353516 -16.66666603088379 -16.66666603088379 33.33333206176758 -50 -16.66666603088379 66.66666412353516 -50 255 153 153
t -16.66666603088379 66.66666412353516 -16.66666603088379 -16.66666603088379 33.33333206176758 -16.66666603088379 -16.66666603088379 33.33333206176758 -50 255 153 153
t -16.66666603088379 33.33333206176758 -50 -50 7.105427357601002e-15 -50 -50 33.33333206176758 -50 255 153 153
t -16.66666603088379 33.33333206176758 -50 -16.66666603088379 7.105427357601002e-15 -50 -50 7.105427357601002e-15 -50 255 153 153
t -16.66666603088379 33.33333206176758 -16.66666603088379 -16.66666603088379 7.105427357601002e-15 -50 -16.66666603088379 33.33333206176758 -50 255 153 153
t -16.66666603088379 33.33333206176758 -16.66666603088379 -16.66666603088379 7.105427357601002e-15 -16.66666603088379 -16.66666603088379 7.105427357601002e-15 -50 255 153 153
t -83.33333587646484 33.33333206176758 -50 -83.33333587646484 33.33333206176758 -16.66666603088379 -50 33.33333206176758 -50 255 153 153
t -83.33333587646484 33.33333206176758 -16.66666603088379 -50 33.33333206176758 -16.66666603088379 -50 33.33333206176758 -50 255 153 153
t -50 33.33333206176758 -50 -83.33333587646484 7.105427357601002e-15 -50 -83.33333587646484 33.33333206176758 -50 255 153 153
t -50 33.33333206176758 -50 -50 7.105427357601002e-15 -50 -83.33333587646484 7.105427357601002e-15 -50 255 153 153
t -116.66666412353516 33.33333206176758 -50 -116.66666412353516 33.33333206176758 -16.66666603088379 -83.33333587646484 33.33333206176758 -50 0 0 0
t -116.66666412353516 33.33333206176758 -16.66666603088379 -83.33333587646484 33.33333206176758 -16.66666603088379 -83.33333587646484 33.33333206176758 -50 0 0 0
t -83.33333587646484 33.33333206176758 -50 -116.66666412353516 7.105427357601002e-15 -50 -116.66666412353516 33.33333206176758 -50 0 0 0
t -83.33333587646484 33.33333206176758 -50 -83.33333587646484 7.105427357601002e-15 -50 -116.66666412353516 7.105427357601002e-15 -50 0 0 0
t -116.66666412353516 33.33333206176758 -50 -116.66666412353516 7.105427357601002e-15 -50 -116.66666412353516 33.33333206176758 -16.66666603088379 0 0 0
t -116.66666412353516 7.105427357601002e-15 -50 -116.66666412353516 7.105427357601002e-15 -16.66666603088379 -116.66666412353516 33.33333206176758 -16.66666603088379 0 0 0
t -16.66666603088379 0 -50 -50 -33.33333206176758 -50 -50 0 -50 255 153 153
t -16.66666603088379 0 -50 -16.66666603088379 -33.33333206176758 -50 -50 -33.33333206176758 -50 255 153 153
t -16.66666603088379 0 -16.66666603088379 -16.66666603088379 -33.33333206176758 -50 -16.66666603088379 0 -50 255 153 153
t -16.66666603088379 0 -16.66666603088379 -16.66666603088379 -33.33333206176758 -16.66666603088379 -16.66666603088379 -33.33333206176758 -50 255 153 153
t -50 0 -50 -83.33333587646484 -33.33333206176758 -50 -83.33333587646484 0 -50 255 153 153
t -50 0 -50 -50 -33.33333206176758 -50 -83.33333587646484 -33.33333206176758 -50 255 153 153
t -83.33333587646484 0 -16.66666603088379 -83.33333587646484 -33.33333206176758 -16.66666603088379 -50 0 -16.66666603088379 255 153 153
t -83.33333587646484 -33.33333206176758 -16.66666603088379 -50 -33.33333206176758 -16.66666603088379 -50 0 -16.66666603088379 255 153 153
t -83.33333587646484 0 -50 -116.66666412353516 -33.33333206176758 -50 -116.66666412353516 0 -50 255 153 153
t -83.33333587646484 0 -50 -83.33333587646484 -33.33333206176758 -50 -116.66666412353516 -33.33333206176758 -50 255 153 153
t -116.66666412353516 0 -50 -116.66666412353516 -33.33333206176758 -50 -116.66666412353516 0 -16.66666603088379 255 153 153
t -116.66666412353516 -33.33333206176758 -50 -116.66666412353516 -33.33333206176758 -16.66666603088379 -116.66666412353516 0 -16.66666603088379 255 153 153
t 83.33333587646484 -33.33333206176758 -50 83.33333587646484 -33.33333206176758 -16.66666603088379 116.66666412353516 -33.33333206176758 -50 255 153 153
t 83.33333587646484 -33.33333206176758 -16.66666603088379 116.66666412353516 -33.33333206176758 -16.66666603088379 116.66666412353516 -33.33333206176758 -50 255 153 153
t 116.66666412353516 -33.33333206176758 -50 83.33333587646484 -66.66666412353516 -50 83.33333587646484 -33.33333206176758 -50 255 153 153
t 116.66666412353516 -33.33333206176758 -50 116.66666412353516 -66.66666412353516 -50 83.33333587646484 -66.66666412353516 -50 255 153 153
t 116.66666412353516 -33.33333206176758 -16.66666603088379 116.66666412353516 -66.66666412353516 -50 116.66666412353516 -33.33333206176758 -50 255 153 153
t 116.66666412353516 -33.33333206176758 -16.66666603088379 116.66666412353516 -66.66666412353516 -16.66666603088379 116.66666412353516 -66.66666412353516 -50 255 153 153
t 50 -33.33333206176758 -50 50 -33.33333206176758 -16.66666603088379 83.33333587646484 -33.33333206176758 -50 255 153 153
t 50 -33.33333206176758 -16.66666603088379 83.33333587646484 -33.33333206176758 -16.66666603088379 83.33333587646484 -33.33333206176758 -50 255 153 153
t 83.33333587646484 -33.33333206176758 -50 50 -66.66666412353516 -50 50 -33.33333206176758 -50 255 153 153
t 83.33333587646484 -33.33333206176758 -50 83.33333587646484 -66.66666412353516 -50 50 -66.66666412353516 -50 255 153 153
t 16.66666603088379 -33.33333206176758 -50 16.66666603088379 -33.33333206176758 -16.66666603088379 50 -33.33333206176758 -50 255 153 153
t 16.66666603088379 -33.33333206176758 -16.66666603088379 50 -33.33333206176758 -16.66666603088379 50 -33.33333206176758 -50 255 153 153
t 50 -33.33333206176758 -50 16.66666603088379 -66.66666412353516 -50 16.66666603088379 -33.33333206176758 -50 255 153 153
t 50 -33.33333206176758 -50 50 -66.66666412353516 -50 16.66666603088379 -66.66666412353516 -50 255 153 153
t -16.66666603088379 -33.33333206176758 -50 -16.66666603088379 -33.33333206176758 -16.66666603088379 16.66666603088379 -33.33333206176758 -50 255 153 153
t -16.66666603088379 -33.33333206176758 -16.66666603088379 16.66666603088379 -33.33333206176758 -16.66666603088379 16.66666603088379 -33.33333206176758 -50 255 153 153
t 16.66666603088379 -33.33333206176758 -50 -16.66666603088379 -66.66666412353516 -50 -16.66666603088379 -33.33333206176758 -50 255 153 153
t 16.66666603088379 -33.33333206176758 -50 16.66666603088379 -66.66666412353516 -50 -16.66666603088379 -66.66666412353516 -50 255 153 153
t -16.66666603088379 -33.33333206176758 -50 -50 -66.66666412353516 -50 -50 -33.33333206176758 -50 255 153 153
t -16.66666603088379 -33.33333206176758 -50 -16.66666603088379 -66.66666412353516 -50 -50 -66.66666412353516 -50 255 153 153
t -50 -33.33333206176758 -50 -83.33333587646484 -66.66666412353516 -50 -83.33333587646484 -33.33333206176758 -50 255 153 153
t -50 -33.33333206176758 -50 -50 -66.66666412353516 -50 -83.33333587646484 -66.66666412353516 -50 255 153 153
t -83.33333587646484 -66.66666412353516 -50 -116.66666412353516 -66.66666412353516 -16.66666603088379 -116.66666412353516 -66.66666412353516 -50 255 153 153
t -83.33333587646484 -66.66666412353516 -50 -83.33333587646484 -66.66666412353516 -16.66666603088379 -116.66666412353516 -66.66666412353516 -16.66666603088379 255 153 153
t -83.33333587646484 -33.33333206176758 -50 -116.66666412353516 -66.66666412353516 -50 -116.66666412353516 -33.33333206176758 -50 255 153 153
t -83.33333587646484 -33.33333206176758 -50 -83.33333587646484 -66.66666412353516 -50 -116.66666412353516 -66.66666412353516 -50 255 153 153
t -116.66666412353516 -33.33333206176758 -50 -116.66666412353516 -66.66666412353516 -50 -116.66666412353516 -33.33333206176758 -16.66666603088379 255 153 153
t -116.66666412353516 -66.66666412353516 -50 -116.66666412353516 -66.66666412353516 -16.66666603088379 -116.66666412353516 -33.33333206176758 -16.66666603088379 255 153 153
t 116.66666412353516 -66.66666412353516 -50 83.33333587646484 -100 -50 83.33333587646484 -66.66666412353516 -50 255 153 153
t 116.66666412353516 -66.66666412353516 -50 116.66666412353516 -100 -50 83.33333587646484 -100 -50 255 153 153
t 116.66666412353516 -66.66666412353516 -16.66666603088379 116.66666412353516 -100 -50 116.66666412353516 -66.66666412353516 -50 255 153 153
t 116.66666412353516 -66.66666412353516 -16.66666603088379 116.66666412353516 -100 -16.66666603088379 116.66666412353516 -100 -50 255 153 153
t 83.33333587646484 -66.66666412353516 -50 50 -100 -50 50 -66.66666412353516 -50 255 153 153
t 83.33333587646484 -66.66666412353516 -50 83.33333587646484 -100 -50 50 -100 -50 255 153 153
t 50 -66.66666412353516 -50 16.66666603088379 -100 -50 16.66666603088379 -66.66666412353516 -50 255 153 153
t 50 -66.66666412353516 -50 50 -100 -50 16.66666603088379 -100 -50 255 153 153
t 16.66666603088379 -66.66666412353516 -50 -16.66666603088379 -100 -50 -16.66666603088379 -66.66666412353516 -50 255 153 153
t 16.66666603088379 -66.66666412353516 -50 16.66666603088379 -100 -50 -16.66666603088379 -100 -50 255 153 153
t -16.66666603088379 -66.66666412353516 -50 -50 -100 -50 -50 -66.66666412353516 -50 255 153 153
t -16.66666603088379 -66.66666412353516 -50 -16.66666603088379 -100 -50 -50 -100 -50 255 153 153
t -50 -66.66666412353516 -50 -83.33333587646484 -100 -50 -83.33333587646484 -66.66666412353516 -50 255 153 153
t -50 -66.66666412353516 -50 -50 -100 -50 -83.33333587646484 -100 -50 255 153 153
t -83.33333587646484 -66.66666412353516 -50 -83.33333587646484 -100 -50 -83.33333587646484 -66.66666412353516 -16.66666603088379 255 153 153
t -83.33333587646484 -100 -50 -83.33333587646484 -100 -16.66666603088379 -83.33333587646484 -66.66666412353516 -16.66666603088379 255 153 153
t 116.66666412353516 -100 -50 83.33333587646484 -133.3333282470703 -50 83.33333587646484 -100 -50 255 153 153
t 116.66666412353516 -100 -50 116.66666412353516 -133.3333282470703 -50 83.33333587646484 -133.3333282470703 -50 255 153 153
t 116.66666412353516 -100 -16.66666603088379 116.66666412353516 -133.3333282470703 -50 116.66666412353516 -100 -50 255 153 153
t 116.66666412353516 -100 -16.66666603088379 116.66666412353516 -133.3333282470703 -16.66666603088379 116.66666412353516 -133.3333282470703 -50 255 153 153
t 83.33333587646484 -133.3333282470703 -50 50 -133.3333282470703 -16.66666603088379 50 -133.3333282470703 -50 255 153 153
t 83.33333587646484 -133.3333282470703 -50 83.33333587646484 -133.3333282470703 -16.66666603088379 50 -133.3333282470703 -16.66666603088379 255 153 153
t 83.33333587646484 -100 -50 50 -133.3333282470703 -50 50 -100 -50 255 153 153
t 83.33333587646484 -100 -50 83.33333587646484 -133.3333282470703 -50 50 -133.3333282470703 -50 255 153 153
t 50 -133.3333282470703 -50 16.66666603088379 -133.3333282470703 -16.66666603088379 16.66666603088379 -133.3333282470703 -50 255 153 153
t 50 -133.3333282470703 -50 50 -133.3333282470703 -16.66666603088379 16.66666603088379 -133.3333282470703 -16.66666603088379 255 153 153
t 50 -100 -50 16.66666603088379 -133.3333282470703 -50 16.66666603088379 -100 -50 255 153 153
t 50 -100 -50 50 -133.3333282470703 -50 16.66666603088379 -133.3333282470703 -50 255 153 153
t 16.66666603088379 -133.3333282470703 -50 -16.66666603088379 -133.3333282470703 -16.66666603088379 -16.66666603088379 -133.3333282470703 -50 255 153 153
t 16.66666603088379 -133.3333282470703 -50 16.66666603088379 -133.3333282470703 -16.66666603088379 -16.66666603088379 -133.3333282470703 -16.66666603088379 255 153 153
t 16.66666603088379 -100 -50 -16.66666603088379 -133.3333282470703 -50 -16.66666603088379 -100 -50 255 153 153
t 16.66666603088379 -100 -50 16.66666603088379 -133.3333282470703 -50 -16.66666603088379 -133.3333282470703 -50 255 153 153
t -16.66666603088379 -100 -50 -50 -133.3333282470703 -50 -50 -100 -50 255 153 153
t -16.66666603088379 -100 -50 -16.66666603088379 -133.3333282470703 -50 -50 -133.3333282470703 -50 255 153 153
t -50 -133.3333282470703 -50 -83.33333587646484 -133.3333282470703 -16.66666603088379 -83.33333587646484 -133.3333282470703 -50 255 153 153
t -50 -133.3333282470703 -50 -50 -133.3333282470703 -16.66666603088379 -83.33333587646484 -133.3333282470703 -16.66666603088379 255 153 153
t -50 -100 -50 -83.33333587646484 -133.3333282470703 -50 -83.33333587646484 -100 -50 255 153 153
t -50 -100 -50 -50 -133.3333282470703 -50 -83.33333587646484 -133.3333282470703 -50 255 153 153
t -83.33333587646484 -100 -50 -83.33333587646484 -133.3333282470703 -50 -83.33333587646484 -100 -16.66666603088379 255 153 153
t -83.33333587646484 -133.3333282470703 -50 -83.33333587646484 -133.3333282470703 -16.66666603088379 -83.33333587646484 -100 -16.66666603088379 255 153 153
t 116.66666412353516 -133.3333282470703 -50 83.33333587646484 -166.6666717529297 -50 83.33333587646484 -133.3333282470703 -50 255 153 153
t 116.66666412353516 -133.3333282470703 -50 116.66666412353516 -166.6666717529297 -50 83.33333587646484 -166.6666717529297 -50 255 153 153
t 83.33333587646484 -133.3333282470703 -16.66666603088379 83.33333587646484 -166.6666717529297 -16.66666603088379 116.66666412353516 -133.3333282470703 -16.66666603088379 255 153 153
t 83.33333587646484 -166.6666717529297 -16.66666603088379 116.66666412353516 -166.6666717529297 -16.66666603088379 116.66666412353516 -133.3333282470703 -16.66666603088379 255 153 153
t 83.33333587646484 -133.3333282470703 -50 83.33333587646484 -166.6666717529297 -50 83.33333587646484 -133.3333282470703 -16.66666603088379 255 153 153
t 83.33333587646484 -166.6666717529297 -50 83.33333587646484 -166.6666717529297 -16.66666603088379 83.33333587646484 -133.3333282470703 -16.66666603088379 255 153 153
t 116.66666412353516 -133.3333282470703 -16.66666603088379 116.66666412353516 -166.6666717529297 -50 116.66666412353516 -133.3333282470703 -50 255 153 153
t 116.66666412353516 -133.3333282470703 -16.66666603088379 116.66666412353516 -166.6666717529297 -16.66666603088379 116.66666412353516 -166.6666717529297 -50 255 153 153
t -16.66666603088379 -133.3333282470703 -50 -50 -166.6666717529297 -50 -50 -133.3333282470703 -50 255 153 153
t -16.66666603088379 -133.3333282470703 -50 -16.66666603088379 -166.6666717529297 -50 -50 -166.6666717529297 -50 255 153 153
t -50 -133.3333282470703 -16.66666603088379 -50 -166.6666717529297 -16.66666603088379 -16.66666603088379 -133.3333282470703 -16.66666603088379 255 153 153
t -50 -166.6666717529297 -16.66666603088379 -16.66666603088379 -166.6666717529297 -16.66666603088379 -16.66666603088379 -133.3333282470703 -16.66666603088379 255 153 153
t -50 -133.3333282470703 -50 -50 -166.6666717529297 -50 -50 -133.3333282470703 -16.66666603088379 255 153 153
t -50 -166.6666717529297 -50 -50 -166.6666717529297 -16.66666603088379 -50 -133.3333282470703 -16.66666603088379 255 153 153
t -16.66666603088379 -133.3333282470703 -16.66666603088379 -16.66666603088379 -166.6666717529297 -50 -16.66666603088379 -133.3333282470703 -50 255 153 153
t -16.66666603088379 -133.3333282470703 -16.66666603088379 -16.66666603088379 -166.6666717529297 -16.66666603088379 -16.66666603088379 -166.6666717529297 -50 255 153 153
t 116.66666412353516 -200 -50 83.33333587646484 -200 -16.66666603088379 83.33333587646484 -200 -50 255 92 92
t 116.66666412353516 -200 -50 116.66666412353516 -200 -16.66666603088379 83.33333587646484 -200 -16.66666603088379 255 92 92
t 116.66666412353516 -166.6666717529297 -50 83.33333587646484 -200 -50 83.33333587646484 -166.6666717529297 -50 255 92 92
t 116.66666412353516 -166.6666717529297 -50 116.66666412353516 -200 -50 83.33333587646484 -200 -50 255 92 92
t 83.33333587646484 -166.6666717529297 -16.66666603088379 83.33333587646484 -200 -16.66666603088379 116.66666412353516 -166.6666717529297 -16.66666603088379 255 92 92
t 83.33333587646484 -200 -16.66666603088379 116.66666412353516 -200 -16.66666603088379 116.66666412353516 -166.6666717529297 -16.66666603088379 255 92 92
t 83.33333587646484 -166.6666717529297 -50 83.33333587646484 -200 -50 83.33333587646484 -166.6666717529297 -16.66666603088379 255 92 92
t 83.33333587646484 -200 -50 83.33333587646484 -200 -16.66666603088379 83.33333587646484 -166.6666717529297 -16.66666603088379 255 92 92
t 116.66666412353516 -166.6666717529297 -16.66666603088379 116.66666412353516 -200 -50 116.66666412353516 -166.6666717529297 -50 255 92 92
t 116.66666412353516 -166.6666717529297 -16.66666603088379 116.66666412353516 -200 -16.66666603088379 116.66666412353516 -200 -50 255 92 92
t -16.66666603088379 -200 -50 -50 -200 -16.66666603088379 -50 -200 -50 255 92 92
t -16.66666603088379 -200 -50 -16.66666603088379 -200 -16.66666603088379 -50 -200 -16.66666603088379 255 92 92
t -16.66666603088379 -166.6666717529297 -50 -50 -200 -50 -50 -166.6666717529297 -50 255 92 92
t -16.66666603088379 -166.6666717529297 -50 -16.66666603088379 -200 -50 -50 -200 -50 255 92 92
t -50 -166.6666717529297 -16.66666603088379 -50 -200 -16.66666603088379 -16.66666603088379 -166.6666717529297 -16.66666603088379 255 92 92
t -50 -200 -16.66666603088379 -16.66666603088379 -200 -16.66666603088379 -16.66666603088379 -166.6666717529297 -16.66666603088379 255 92 92
t -50 -166.6666717529297 -50 -50 -200 -50 -50 -166.6666717529297 -16.66666603088379 255 92 92
t -50 -200 -50 -50 -200 -16.66666603088379 -50 -166.6666717529297 -16.66666603088379 255 92 92
t -16.66666603088379 -166.6666717529297 -16.66666603088379 -16.66666603088379 -200 -50 -16.66666603088379 -166.6666717529297 -50 255 92 92
t -16.66666603088379 -166.6666717529297 -16.66666603088379 -16.66666603088379 -200 -16.66666603088379 -16.66666603088379 -200 -50 255 92 92
t -50 33.33333206176758 -16.66666603088379 -50 33.33333206176758 16.66666603088379 -16.66666603088379 33.33333206176758 -16.66666603088379 255 153 153
t -50 33.33333206176758 16.66666603088379 -16.66666603088379 33.33333206176758 16.66666603088379 -16.66666603088379 33.33333206176758 -16.66666603088379 255 153 153
t -16.66666603088379 33.33333206176758 16.66666603088379 -16.66666603088379 7.105427357601002e-15 -16.66666603088379 -16.66666603088379 33.33333206176758 -16.66666603088379 255 153 153
t -16.66666603088379 33.33333206176758 16.66666603088379 -16.66666603088379 7.105427357601002e-15 16.66666603088379 -16.66666603088379 7.105427357601002e-15 -16.66666603088379 255 153 153
t -83.33333587646484 33.33333206176758 -16.66666603088379 -83.33333587646484 33.33333206176758 16.66666603088379 -50 33.33333206176758 -16.66666603088379 255 153 153
t -83.33333587646484 33.33333206176758 16.66666603088379 -50 33.33333206176758 16.66666603088379 -50 33.33333206176758 -16.66666603088379 255 153 153
t -50 7.105427357601002e-15 -16.66666603088379 -83.33333587646484 7.105427357601002e-15 16.66666603088379 -83.33333587646484 7.105427357601002e-15 -16.66666603088379 255 153 153
t -50 7.105427357601002e-15 -16.66666603088379 -50 7.105427357601002e-15 16.66666603088379 -83.33333587646484 7.105427357601002e-15 16.66666603088379 255 153 153
t -116.66666412353516 33.33333206176758 -16.66666603088379 -116.66666412353516 33.33333206176758 16.66666603088379 -83.33333587646484 33.33333206176758 -16.66666603088379 255 153 153
t -116.66666412353516 33.33333206176758 16.66666603088379 -83.33333587646484 33.33333206176758 16.66666603088379 -83.33333587646484 33.33333206176758 -16.66666603088379 255 153 153
t -116.66666412353516 33.33333206176758 -16.66666603088379 -116.66666412353516 7.105427357601002e-15 -16.66666603088379 -116.66666412353516 33.33333206176758 16.66666603088379 255 153 153
t -116.66666412353516 7.105427357601002e-15 -16.66666603088379 -116.66666412353516 7.105427357601002e-15 16.66666603088379 -116.66666412353516 33.33333206176758 16.66666603088379 255 153 153
t 150 0 -16.66666603088379 150 0 16.66666603088379 183.3333282470703 0 -16.66666603088379 255 153 153
t 150 0 16.66666603088379 183.3333282470703 0 16.66666603088379 183.3333282470703 0 -16.66666603088379 255 153 153
t 183.3333282470703 0 -16.66666603088379 150 -33.33333206176758 -16.66666603088379 150 0 -16.66666603088379 255 153 153
t 183.3333282470703 0 -16.66666603088379 183.3333282470703 -33.33333206176758 -16.66666603088379 150 -33.33333206176758 -16.66666603088379 255 153 153
t 150 0 16.66666603088379 150 -33.33333206176758 16.66666603088379 183.3333282470703 0 16.66666603088379 255 153 153
t 150 -33.33333206176758 16.66666603088379 183.3333282470703 -33.33333206176758 16.66666603088379 183.3333282470703 0 16.66666603088379 255 153 153
t 150 0 -16.66666603088379 150 -33.33333206176758 -16.66666603088379 150 0 16.66666603088379 255 153 153
t 150 -33.33333206176758 -16.66666603088379 150 -33.33333206176758 16.66666603088379 150 0 16.66666603088379 255 153 153
t 183.3333282470703 0 16.66666603088379 183.3333282470703 -33.33333206176758 -16.66666603088379 183.3333282470703 0 -16.66666603088379 255 153 153
t 183.3333282470703 0 16.66666603088379 183.3333282470703 -33.33333206176758 16.66666603088379 183.3333282470703 -33.33333206176758 -16.66666603088379 255 153 153
t -50 0 -16.66666603088379 -50 -33.33333206176758 -16.66666603088379 -50 0 16.66666603088379 255 153 153
t -50 -33.33333206176758 -16.66666603088379 -50 -33.33333206176758 16.66666603088379 -50 0 16.66666603088379 255 153 153
t -16.66666603088379 0 16.66666603088379 -16.66666603088379 -33.33333206176758 -16.66666603088379 -16.66666603088379 0 -16.66666603088379 255 153 153
t -16.66666603088379 0 16.66666603088379 -16.66666603088379 -33.33333206176758 16.66666603088379 -16.66666603088379 -33.33333206176758 -16.66666603088379 255 153 153
t -83.33333587646484 0 16.66666603088379 -83.33333587646484 -33.33333206176758 -16.66666603088379 -83.33333587646484 0 -16.66666603088379 255 153 153
t -83.33333587646484 0 16.66666603088379 -83.33333587646484 -33.33333206176758 16.66666603088379 -83.33333587646484 -33.33333206176758 -16.66666603088379 255 153 153
t -150 0 -16.66666603088379 -150 0 16.66666603088379 -116.66666412353516 0 -16.66666603088379 255 92 92
t -150 0 16.66666603088379 -116.66666412353516 0 16.66666603088379 -116.66666412353516 0 -16.66666603088379 255 92 92
t -116.66666412353516 -33.33333206176758 -16.66666603088379 -150 -33.33333206176758 16.66666603088379 -150 -33.33333206176758 -16.66666603088379 255 92 92
t -116.66666412353516 -33.33333206176758 -16.66666603088379 -116.66666412353516 -33.33333206176758 16.66666603088379 -150 -33.33333206176758 16.66666603088379 255 92 92
t -116.66666412353516 0 -16.66666603088379 -150 -33.33333206176758 -16.66666603088379 -150 0 -16.66666603088379 255 92 92
t -116.66666412353516 0 -16.66666603088379 -116.66666412353516 -33.33333206176758 -16.66666603088379 -150 -33.33333206176758 -16.66666603088379 255 92 92
t -150 0 16.66666603088379 -150 -33.33333206176758 16.66666603088379 -116.66666412353516 0 16.66666603088379 255 92 92
t -150 -33.33333206176758 16.66666603088379 -116.66666412353516 -33.33333206176758 16.66666603088379 -116.66666412353516 0 16.66666603088379 255 92 92
t -150 0 -16.66666603088379 -150 -33.33333206176758 -16.66666603088379 -150 0 16.66666603088379 255 92 92
t -150 -33.33333206176758 -16.66666603088379 -150 -33.33333206176758 16.66666603088379 -150 0 16.66666603088379 255 92 92
t 183.3333282470703 -66.66666412353516 -16.66666603088379 150 -66.66666412353516 16.66666603088379 150 -66.66666412353516 -16.66666603088379 255 153 153
t 183.3333282470703 -66.66666412353516 -16.66666603088379 183.3333282470703 -66.66666412353516 16.66666603088379 150 -66.66666412353516 16.66666603088379 255 153 153
t 183.3333282470703 -33.33333206176758 -16.66666603088379 150 -66.66666412353516 -16.66666603088379 150 -33.33333206176758 -16.66666603088379 255 153 153
t 183.3333282470703 -33.33333206176758 -16.66666603088379 183.3333282470703 -66.66666412353516 -16.66666603088379 150 -66.66666412353516 -16.66666603088379 255 153 153
t 150 -33.33333206176758 16.66666603088379 150 -66.66666412353516 16.66666603088379 183.3333282470703 -33.33333206176758 16.66666603088379 255 153 153
t 150 -66.66666412353516 16.66666603088379 183.3333282470703 -66.66666412353516 16.66666603088379 183.3333282470703 -33.33333206176758 16.66666603088379 255 153 153
t 183.3333282470703 -33.33333206176758 16.66666603088379 183.3333282470703 -66.66666412353516 -16.66666603088379 183.3333282470703 -33.33333206176758 -16.66666603088379 255 153 153
t 183.3333282470703 -33.33333206176758 16.66666603088379 183.3333282470703 -66.66666412353516 16.66666603088379 183.3333282470703 -66.66666412353516 -16.66666603088379 255 153 153
t 116.66666412353516 -33.33333206176758 -16.66666603088379 116.66666412353516 -33.33333206176758 16.66666603088379 150 -33.33333206176758 -16.66666603088379 255 153 153
t 116.66666412353516 -33.33333206176758 16.66666603088379 150 -33.33333206176758 16.66666603088379 150 -33.33333206176758 -16.66666603088379 255 153 153
t 150 -66.66666412353516 -16.66666603088379 116.66666412353516 -66.66666412353516 16.66666603088379 116.66666412353516 -66.66666412353516 -16.66666603088379 255 153 153
t 150 -66.66666412353516 -16.66666603088379 150 -66.66666412353516 16.66666603088379 116.66666412353516 -66.66666412353516 16.66666603088379 255 153 153
t 150 -33.33333206176758 -16.66666603088379 116.66666412353516 -66.66666412353516 -16.66666603088379 116.66666412353516 -33.33333206176758 -16.66666603088379 255 153 153
t 150 -33.33333206176758 -16.66666603088379 150 -66.66666412353516 -16.66666603088379 116.66666412353516 -66.66666412353516 -16.66666603088379 255 153 153
t 116.66666412353516 -33.33333206176758 16.66666603088379 116.66666412353516 -66.66666412353516 16.66666603088379 150 -33.33333206176758 16.66666603088379 255 153 153
t 116.66666412353516 -66.66666412353516 16.66666603088379 150 -66.66666412353516 16.66666603088379 150 -33.33333206176758 16.66666603088379 255 153 153
t 83.33333587646484 -33.33333206176758 -16.66666603088379 83.33333587646484 -33.33333206176758 16.66666603088379 116.66666412353516 -33.33333206176758 -16.66666603088379 255 153 153
t 83.33333587646484 -33.33333206176758 16.66666603088379 116.66666412353516 -33.33333206176758 16.66666603088379 116.66666412353516 -33.33333206176758 -16.66666603088379 255 153 153
t 50 -33.33333206176758 -16.66666603088379 50 -33.33333206176758 16.66666603088379 83.33333587646484 -33.33333206176758 -16.66666603088379 255 153 153
t 50 -33.33333206176758 16.66666603088379 83.33333587646484 -33.33333206176758 16.66666603088379 83.33333587646484 -33.33333206176758 -16.66666603088379 255 153 153
t 16.66666603088379 -33.33333206176758 -16.66666603088379 16.66666603088379 -33.33333206176758 16.66666603088379 50 -33.33333206176758 -16.66666603088379 255 153 153
t 16.66666603088379 -33.33333206176758 16.66666603088379 50 -33.33333206176758 16.66666603088379 50 -33.33333206176758 -16.66666603088379 255 153 153
t -16.66666603088379 -33.33333206176758 -16.66666603088379 -16.66666603088379 -33.33333206176758 16.66666603088379 16.66666603088379 -33.33333206176758 -16.66666603088379 255 153 153
t -16.66666603088379 -33.33333206176758 16.66666603088379 16.66666603088379 -33.33333206176758 16.66666603088379 16.66666603088379 -33.33333206176758 -16.66666603088379 255 153 153
t -83.33333587646484 -33.33333206176758 -16.66666603088379 -83.33333587646484 -33.33333206176758 16.66666603088379 -50 -33.33333206176758 -16.66666603088379 255 153 153
t -83.33333587646484 -33.33333206176758 16.66666603088379 -50 -33.33333206176758 16.66666603088379 -50 -33.33333206176758 -16.66666603088379 255 153 153
t -83.33333587646484 -66.66666412353516 -16.66666603088379 -116.66666412353516 -66.66666412353516 16.66666603088379 -116.66666412353516 -66.66666412353516 -16.66666603088379 255 153 153
t -83.33333587646484 -66.66666412353516 -16.66666603088379 -83.33333587646484 -66.66666412353516 16.66666603088379 -116.66666412353516 -66.66666412353516 16.66666603088379 255 153 153
t -116.66666412353516 -33.33333206176758 -16.66666603088379 -116.66666412353516 -66.66666412353516 -16.66666603088379 -116.66666412353516 -33.33333206176758 16.66666603088379 255 153 153
t -116.66666412353516 -66.66666412353516 -16.66666603088379 -116.66666412353516 -66.66666412353516 16.66666603088379 -116.66666412353516 -33.33333206176758 16.66666603088379 255 153 153
t 116.66666412353516 -66.66666412353516 16.66666603088379 116.66666412353516 -100 -16.66666603088379 116.66666412353516 -66.66666412353516 -16.66666603088379 255 153 153
t 116.66666412353516 -66.66666412353516 16.66666603088379 116.66666412353516 -100 16.66666603088379 116.66666412353516 -100 -16.66666603088379 255 153 153
t -83.33333587646484 -66.66666412353516 -16.66666603088379 -83.33333587646484 -100 -16.66666603088379 -83.33333587646484 -66.66666412353516 16.66666603088379 255 153 153
t -83.33333587646484 -100 -16.66666603088379 -83.33333587646484 -100 16.66666603088379 -83.33333587646484 -66.66666412353516 16.66666603088379 255 153 153
t 116.66666412353516 -133.3333282470703 -16.66666603088379 83.33333587646484 -133.3333282470703 16.66666603088379 83.33333587646484 -133.3333282470703 -16.66666603088379 255 153 153
t 116.66666412353516 -133.3333282470703 -16.66666603088379 116.66666412353516 -133.3333282470703 16.66666603088379 83.33333587646484 -133.3333282470703 16.66666603088379 255 153 153
t 116.66666412353516 -100 16.66666603088379 116.66666412353516 -133.3333282470703 -16.66666603088379 116.66666412353516 -100 -16.66666603088379 255 153 153
t 116.66666412353516 -100 16.66666603088379 116.66666412353516 -133.3333282470703 16.66666603088379 116.66666412353516 -133.3333282470703 -16.66666603088379 255 153 153
t 83.33333587646484 -133.3333282470703 -16.66666603088379 50 -133.3333282470703 16.66666603088379 50 -133.3333282470703 -16.66666603088379 255 153 153
t 83.33333587646484 -133.3333282470703 -16.66666603088379 83.33333587646484 -133.3333282470703 16.66666603088379 50 -133.3333282470703 16.66666603088379 255 153 153
t 50 -133.3333282470703 -16.66666603088379 16.66666603088379 -133.3333282470703 16.66666603088379 16.66666603088379 -133.3333282470703 -16.66666603088379 255 153 153
t 50 -133.3333282470703 -16.66666603088379 50 -133.3333282470703 16.66666603088379 16.66666603088379 -133.3333282470703 16.66666603088379 255 153 153
t 16.66666603088379 -133.3333282470703 -16.66666603088379 -16.66666603088379 -133.3333282470703 16.66666603088379 -16.66666603088379 -133.3333282470703 -16.66666603088379 255 153 153
t 16.66666603088379 -133.3333282470703 -16.66666603088379 16.66666603088379 -133.3333282470703 16.66666603088379 -16.66666603088379 -133.3333282470703 16.66666603088379 255 153 153
t -16.66666603088379 -133.3333282470703 -16.66666603088379 -50 -133.3333282470703 16.66666603088379 -50 -133.3333282470703 -16.66666603088379 255 153 153
t -16.66666603088379 -133.3333282470703 -16.66666603088379 -16.66666603088379 -133.3333282470703 16.66666603088379 -50 -133.3333282470703 16.66666603088379 255 153 153
t -50 -133.3333282470703 -16.66666603088379 -83.33333587646484 -133.3333282470703 16.66666603088379 -83.33333587646484 -133.3333282470703 -16.66666603088379 255 153 153
t -50 -133.3333282470703 -16.66666603088379 -50 -133.3333282470703 16.66666603088379 -83.33333587646484 -133.3333282470703 16.66666603088379 255 153 153
t -83.33333587646484 -100 -16.66666603088379 -83.33333587646484 -133.3333282470703 -16.66666603088379 -83.33333587646484 -100 16.66666603088379 255 153 153
t -83.33333587646484 -133.3333282470703 -16.66666603088379 -83.33333587646484 -133.3333282470703 16.66666603088379 -83.33333587646484 -100 16.66666603088379 255 153 153
t -50 66.66666412353516 16.66666603088379 -50 66.66666412353516 50 -16.66666603088379 66.66666412353516 16.66666603088379 255 153 153
t -50 66.66666412353516 50 -16.66666603088379 66.66666412353516 50 -16.66666603088379 66.66666412353516 16.66666603088379 255 153 153
t -16.66666603088379 66.66666412353516 16.66666603088379 -50 33.33333206176758 16.66666603088379 -50 66.66666412353516 16.66666603088379 255 153 153
t -16.66666603088379 66.66666412353516 16.66666603088379 -16.66666603088379 33.33333206176758 16.66666603088379 -50 33.33333206176758 16.66666603088379 255 153 153
t -50 66.66666412353516 50 -50 33.33333206176758 50 -16.66666603088379 66.66666412353516 50 255 153 153
t -50 33.33333206176758 50 -16.66666603088379 33.33333206176758 50 -16.66666603088379 66.66666412353516 50 255 153 153
t -50 66.66666412353516 16.66666603088379 -50 33.33333206176758 16.66666603088379 -50 66.66666412353516 50 255 153 153
t -50 33.33333206176758 16.66666603088379 -50 33.33333206176758 50 -50 66.66666412353516 50 255 153 153
t -16.66666603088379 66.66666412353516 50 -16.66666603088379 33.33333206176758 16.66666603088379 -16.66666603088379 66.66666412353516 16.66666603088379 255 153 153
t -16.66666603088379 66.66666412353516 50 -16.66666603088379 33.33333206176758 50 -16.66666603088379 33.33333206176758 16.66666603088379 255 153 153
t -50 33.33333206176758 50 -50 7.105427357601002e-15 50 -16.66666603088379 33.33333206176758 50 255 153 153
t -50 7.105427357601002e-15 50 -16.66666603088379 7.105427357601002e-15 50 -16.66666603088379 33.33333206176758 50 255 153 153
t -16.66666603088379 33.33333206176758 50 -16.66666603088379 7.105427357601002e-15 16.66666603088379 -16.66666603088379 33.33333206176758 16.66666603088379 255 153 153
t -16.66666603088379 33.33333206176758 50 -16.66666603088379 7.105427357601002e-15 50 -16.66666603088379 7.105427357601002e-15 16.66666603088379 255 153 153
t -83.33333587646484 33.33333206176758 16.66666603088379 -83.33333587646484 33.33333206176758 50 -50 33.33333206176758 16.66666603088379 255 153 153
t -83.33333587646484 33.33333206176758 50 -50 33.33333206176758 50 -50 33.33333206176758 16.66666603088379 255 153 153
t -83.33333587646484 33.33333206176758 50 -83.33333587646484 7.105427357601002e-15 50 -50 33.33333206176758 50 255 153 153
t -83.33333587646484 7.105427357601002e-15 50 -50 7.105427357601002e-15 50 -50 33.33333206176758 50 255 153 153
t -116.66666412353516 33.33333206176758 16.66666603088379 -116.66666412353516 33.33333206176758 50 -83.33333587646484 33.33333206176758 16.66666603088379 0 0 0
t -116.66666412353516 33.33333206176758 50 -83.33333587646484 33.33333206176758 50 -83.33333587646484 33.33333206176758 16.66666603088379 0 0 0
t -116.66666412353516 33.33333206176758 50 -116.66666412353516 7.105427357601002e-15 50 -83.33333587646484 33.33333206176758 50 0 0 0
t -116.66666412353516 7.105427357601002e-15 50 -83.33333587646484 7.105427357601002e-15 50 -83.33333587646484 33.33333206176758 50 0 0 0
t -116.66666412353516 33.33333206176758 16.66666603088379 -116.66666412353516 7.105427357601002e-15 16.66666603088379 -116.66666412353516 33.33333206176758 50 0 0 0
t -116.66666412353516 7.105427357601002e-15 16.66666603088379 -116.66666412353516 7.105427357601002e-15 50 -116.66666412353516 33.33333206176758 50 0 0 0
t -50 0 50 -50 -33.33333206176758 50 -16.66666603088379 0 50 255 153 153
t -50 -33.33333206176758 50 -16.66666603088379 -33.33333206176758 50 -16.66666603088379 0 50 255 153 153
t -16.66666603088379 0 50 -16.66666603088379 -33.33333206176758 16.66666603088379 -16.66666603088379 0 16.66666603088379 255 153 153
t -16.66666603088379 0 50 -16.66666603088379 -33.33333206176758 50 -16.66666603088379 -33.33333206176758 16.66666603088379 255 153 153
t -50 0 16.66666603088379 -83.33333587646484 -33.33333206176758 16.66666603088379 -83.33333587646484 0 16.66666603088379 255 153 153
t -50 0 16.66666603088379 -50 -33.33333206176758 16.66666603088379 -83.33333587646484 -33.33333206176758 16.66666603088379 255 153 153
t -83.33333587646484 0 50 -83.33333587646484 -33.33333206176758 50 -50 0 50 255 153 153
t -83.33333587646484 -33.33333206176758 50 -50 -33.33333206176758 50 -50 0 50 255 153 153
t -116.66666412353516 0 50 -116.66666412353516 -33.33333206176758 50 -83.33333587646484 0 50 255 153 153
t -116.66666412353516 -33.33333206176758 50 -83.33333587646484 -33.33333206176758 50 -83.33333587646484 0 50 255 153 153
t -116.66666412353516 0 16.66666603088379 -116.66666412353516 -33.33333206176758 16.66666603088379 -116.66666412353516 0 50 255 153 153
t -116.66666412353516 -33.33333206176758 16.66666603088379 -116.66666412353516 -33.33333206176758 50 -116.66666412353516 0 50 255 153 153
t 83.33333587646484 -33.33333206176758 16.66666603088379 83.33333587646484 -33.33333206176758 50 116.66666412353516 -33.33333206176758 16.66666603088379 255 153 153
t 83.33333587646484 -33.33333206176758 50 116.66666412353516 -33.33333206176758 50 116.66666412353516 -33.33333206176758 16.66666603088379 255 153 153
t 83.33333587646484 -33.33333206176758 50 83.33333587646484 -66.66666412353516 50 116.66666412353516 -33.33333206176758 50 255 153 153
t 83.33333587646484 -66.66666412353516 50 116.66666412353516 -66.66666412353516 50 116.66666412353516 -33.33333206176758 50 255 153 153
t 116.66666412353516 -33.33333206176758 50 116.66666412353516 -66.66666412353516 16.66666603088379 116.66666412353516 -33.33333206176758 16.66666603088379 255 153 153
t 116.66666412353516 -33.33333206176758 50 116.66666412353516 -66.66666412353516 50 116.66666412353516 -66.66666412353516 16.66666603088379 255 153 153
t 50 -33.33333206176758 16.66666603088379 50 -33.33333206176758 50 83.33333587646484 -33.33333206176758 16.66666603088379 255 153 153
t 50 -33.33333206176758 50 83.33333587646484 -33.33333206176758 50 83.33333587646484 -33.33333206176758 16.66666603088379 255 153 153
t 50 -33.33333206176758 50 50 -66.66666412353516 50 83.33333587646484 -33.33333206176758 50 255 153 153
t 50 -66.66666412353516 50 83.33333587646484 -66.66666412353516 50 83.33333587646484 -33.33333206176758 50 255 153 153
t 16.66666603088379 -33.33333206176758 16.66666603088379 16.66666603088379 -33.33333206176758 50 50 -33.33333206176758 16.66666603088379 255 153 153
t 16.66666603088379 -33.33333206176758 50 50 -33.33333206176758 50 50 -33.33333206176758 16.66666603088379 255 153 153
t 16.66666603088379 -33.33333206176758 50 16.66666603088379 -66.66666412353516 50 50 -33.33333206176758 50 255 153 153
t 16.66666603088379 -66.66666412353516 50 50 -66.66666412353516 50 50 -33.33333206176758 50 255 153 153
t -16.66666603088379 -33.33333206176758 16.66666603088379 -16.66666603088379 -33.33333206176758 50 16.66666603088379 -33.33333206176758 16.66666603088379 255 153 153
t -16.66666603088379 -33.33333206176758 50 16.66666603088379 -33.33333206176758 50 16.66666603088379 -33.33333206176758 16.66666603088379 255 153 153
t -16.66666603088379 -33.33333206176758 50 -16.66666603088379 -66.66666412353516 50 16.66666603088379 -33.33333206176758 50 255 153 153
t -16.66666603088379 -66.66666412353516 50 16.66666603088379 -66.66666412353516 50 16.66666603088379 -33.33333206176758 50 255 153 153
t -50 -33.33333206176758 50 -50 -66.66666412353516 50 -16.66666603088379 -33.33333206176758 50 255 153 153
t -50 -66.66666412353516 50 -16.66666603088379 -66.66666412353516 50 -16.66666603088379 -33.33333206176758 50 255 153 153
t -83.33333587646484 -33.33333206176758 50 -83.33333587646484 -66.66666412353516 50 -50 -33.33333206176758 50 255 153 153
t -83.33333587646484 -66.66666412353516 50 -50 -66.66666412353516 50 -50 -33.33333206176758 50 255 153 153
t -83.33333587646484 -66.66666412353516 16.66666603088379 -116.66666412353516 -66.66666412353516 50 -116.66666412353516 -66.66666412353516 16.66666603088379 255 153 153
t -83.33333587646484 -66.66666412353516 16.66666603088379 -83.33333587646484 -66.66666412353516 50 -116.66666412353516 -66.66666412353516 50 255 153 153
t -116.66666412353516 -33.33333206176758 50 -116.66666412353516 -66.66666412353516 50 -83.33333587646484 -33.33333206176758 50 255 153 153
t -116.66666412353516 -66.66666412353516 50 -83.33333587646484 -66.66666412353516 50 -83.33333587646484 -33.33333206176758 50 255 153 153
t -116.66666412353516 -33.33333206176758 16.66666603088379 -116.66666412353516 -66.66666412353516 16.66666603088379 -116.66666412353516 -33.33333206176758 50 255 153 153
t -116.66666412353516 -66.66666412353516 16.66666603088379 -116.66666412353516 -66.66666412353516 50 -116.66666412353516 -33.33333206176758 50 255 153 153
t 83.33333587646484 -66.66666412353516 50 83.33333587646484 -100 50 116.66666412353516 -66.66666412353516 50 255 153 153
t 83.33333587646484 -100 50 116.66666412353516 -100 50 116.66666412353516 -66.66666412353516 50 255 153 153
t 116.66666412353516 -66.66666412353516 50 116.66666412353516 -100 16.66666603088379 116.66666412353516 -66.66666412353516 16.66666603088379 255 153 153
t 116.66666412353516 -66.66666412353516 50 116.66666412353516 -100 50 116.66666412353516 -100 16.66666603088379 255 153 153
t 50 -66.66666412353516 50 50 -100 50 83.33333587646484 -66.66666412353516 50 255 153 153
t 50 -100 50 83.33333587646484 -100 50 83.33333587646484 -66.66666412353516 50 255 153 153
t 16.66666603088379 -66.66666412353516 50 16.66666603088379 -100 50 50 -66.66666412353516 50 255 153 153
t 16.66666603088379 -100 50 50 -100 50 50 -66.66666412353516 50 255 153 153
t -16.66666603088379 -66.66666412353516 50 -16.66666603088379 -100 50 16.66666603088379 -66.66666412353516 50 255 153 153
t -16.66666603088379 -100 50 16.66666603088379 -100 50 16.66666603088379 -66.66666412353516 50 255 153 153
t -50 -66.66666412353516 50 -50 -100 50 -16.66666603088379 -66.66666412353516 50 255 153 153
t -50 -100 50 -16.66666603088379 -100 50 -16.66666603088379 -66.66666412353516 50 255 153 153
t -83.33333587646484 -66.66666412353516 50 -83.33333587646484 -100 50 -50 -66.66666412353516 50 255 153 153
t -83.33333587646484 -100 50 -50 -100 50 -50 -66.66666412353516 50 255 153 153
t -83.33333587646484 -66.66666412353516 16.66666603088379 -83.33333587646484 -100 16.66666603088379 -83.33333587646484 -66.66666412353516 50 255 153 153
t -83.33333587646484 -100 16.66666603088379 -83.33333587646484 -100 50 -83.33333587646484 -66.66666412353516 50 255 153 153
t 116.66666412353516 -133.3333282470703 16.66666603088379 83.33333587646484 -133.3333282470703 50 83.33333587646484 -133.3333282470703 16.66666603088379 255 153 153
t 116.66666412353516 -133.3333282470703 16.66666603088379 116.66666412353516 -133.3333282470703 50 83.33333587646484 -133.3333282470703 50 255 153 153
t 83.33333587646484 -100 50 83.33333587646484 -133.3333282470703 50 116.66666412353516 -100 50 255 153 153
t 83.33333587646484 -133.3333282470703 50 116.66666412353516 -133.3333282470703 50 116.66666412353516 -100 50 255 153 153
t 116.66666412353516 -100 50 116.66666412353516 -133.3333282470703 16.66666603088379 116.66666412353516 -100 16.66666603088379 255 153 153
t 116.66666412353516 -100 50 116.66666412353516 -133.3333282470703 50 116.66666412353516 -133.3333282470703 16.66666603088379 255 153 153
t 50 -100 50 50 -133.3333282470703 50 83.33333587646484 -100 50 255 153 153
t 50 -133.3333282470703 50 83.33333587646484 -133.3333282470703 50 83.33333587646484 -100 50 255 153 153
t 50 -133.3333282470703 16.66666603088379 16.66666603088379 -133.3333282470703 50 16.66666603088379 -133.3333282470703 16.66666603088379 255 153 153
t 50 -133.3333282470703 16.66666603088379 50 -133.3333282470703 50 16.66666603088379 -133.3333282470703 50 255 153 153
t 16.66666603088379 -100 50 16.66666603088379 -133.3333282470703 50 50 -100 50 255 153 153
t 16.66666603088379 -133.3333282470703 50 50 -133.3333282470703 50 50 -100 50 255 153 153
t 16.66666603088379 -133.3333282470703 16.66666603088379 -16.66666603088379 -133.3333282470703 50 -16.66666603088379 -133.3333282470703 16.66666603088379 255 153 153
t 16.66666603088379 -133.3333282470703 16.66666603088379 16.66666603088379 -133.3333282470703 50 -16.66666603088379 -133.3333282470703 50 255 153 153
t -16.66666603088379 -100 50 -16.66666603088379 -133.3333282470703 50 16.66666603088379 -100 50 255 153 153
t -16.66666603088379 -133.3333282470703 50 16.66666603088379 -133.3333282470703 50 16.66666603088379 -100 50 255 153 153
t -16.66666603088379 -133.3333282470703 16.66666603088379 -50 -133.3333282470703 50 -50 -133.3333282470703 16.66666603088379 255 153 153
t -16.66666603088379 -133.3333282470703 16.66666603088379 -16.66666603088379 -133.3333282470703 50 -50 -133.3333282470703 50 255 153 153
t -50 -100 50 -50 -133.3333282470703 50 -16.66666603088379 -100 50 255 153 153
t -50 -133.3333282470703 50 -16.66666603088379 -133.3333282470703 50 -16.66666603088379 -100 50 255 153 153
t -83.33333587646484 -100 50 -83.33333587646484 -133.3333282470703 50 -50 -100 50 255 153 153
t -83.33333587646484 -133.3333282470703 50 -50 -133.3333282470703 50 -50 -100 50 255 153 153
t -83.33333587646484 -100 16.66666603088379 -83.33333587646484 -133.3333282470703 16.66666603088379 -83.33333587646484 -100 50 255 153 153
t -83.33333587646484 -133.3333282470703 16.66666603088379 -83.33333587646484 -133.3333282470703 50 -83.33333587646484 -100 50 255 153 153
t 83.33333587646484 -133.3333282470703 16.66666603088379 50 -166.6666717529297 16.66666603088379 50 -133.3333282470703 16.66666603088379 255 153 153
t 83.33333587646484 -133.3333282470703 16.66666603088379 83.33333587646484 -166.6666717529297 16.66666603088379 50 -166.6666717529297 16.66666603088379 255 153 153
t 50 -133.3333282470703 50 50 -166.6666717529297 50 83.33333587646484 -133.3333282470703 50 255 153 153
t 50 -166.6666717529297 50 83.33333587646484 -166.6666717529297 50 83.33333587646484 -133.3333282470703 50 255 153 153
t 50 -133.3333282470703 16.66666603088379 50 -166.6666717529297 16.66666603088379 50 -133.3333282470703 50 255 153 153
t 50 -166.6666717529297 16.66666603088379 50 -166.6666717529297 50 50 -133.3333282470703 50 255 153 153
t 83.33333587646484 -133.3333282470703 50 83.33333587646484 -166.6666717529297 16.66666603088379 83.33333587646484 -133.3333282470703 16.66666603088379 255 153 153
t 83.33333587646484 -133.3333282470703 50 83.33333587646484 -166.6666717529297 50 83.33333587646484 -166.6666717529297 16.66666603088379 255 153 153
t -50 -133.3333282470703 16.66666603088379 -83.33333587646484 -166.6666717529297 16.66666603088379 -83.33333587646484 -133.3333282470703 16.66666603088379 255 153 153
t -50 -133.3333282470703 16.66666603088379 -50 -166.6666717529297 16.66666603088379 -83.33333587646484 -166.6666717529297 16.66666603088379 255 153 153
t -83.33333587646484 -133.3333282470703 50 -83.33333587646484 -166.6666717529297 50 -50 -133.3333282470703 50 255 153 153
t -83.33333587646484 -166.6666717529297 50 -50 -166.6666717529297 50 -50 -133.3333282470703 50 255 153 153
t -83.33333587646484 -133.3333282470703 16.66666603088379 -83.33333587646484 -166.6666717529297 16.66666603088379 -83.33333587646484 -133.3333282470703 50 255 153 153
t -83.33333587646484 -166.6666717529297 16.66666603088379 -83.33333587646484 -166.6666717529297 50 -83.33333587646484 -133.3333282470703 50 255 153 153
t -50 -133.3333282470703 50 -50 -166.6666717529297 16.66666603088379 -50 -133.3333282470703 16.66666603088379 255 153 153
t -50 -133.3333282470703 50 -50 -166.6666717529297 50 -50 -166.6666717529297 16.66666603088379 255 153 153
t 83.33333587646484 -200 16.66666603088379 50 -200 50 50 -200 16.66666603088379 255 92 92
t 83.33333587646484 -200 16.66666603088379 83.33333587646484 -200 50 50 -200 50 255 92 92
t 83.33333587646484 -166.6666717529297 16.66666603088379 50 -200 16.66666603088379 50 -166.6666717529297 16.66666603088379 255 92 92
t 83.33333587646484 -166.6666717529297 16.66666603088379 83.33333587646484 -200 16.66666603088379 50 -200 16.66666603088379 255 92 92
t 50 -166.6666717529297 50 50 -200 50 83.33333587646484 -166.6666717529297 50 255 92 92
t 50 -200 50 83.33333587646484 -200 50 83.33333587646484 -166.6666717529297 50 255 92 92
t 50 -166.6666717529297 16.66666603088379 50 -200 16.66666603088379 50 -166.6666717529297 50 255 92 92
t 50 -200 16.66666603088379 50 -200 50 50 -166.6666717529297 50 255 92 92
t 83.33333587646484 -166.6666717529297 50 83.33333587646484 -200 16.66666603088379 83.33333587646484 -166.6666717529297 16.66666603088379 255 92 92
t 83.33333587646484 -166.6666717529297 50 83.33333587646484 -200 50 83.33333587646484 -200 16.66666603088379 255 92 92
t -50 -200 16.66666603088379 -83.33333587646484 -200 50 -83.33333587646484 -200 16.66666603088379 255 92 92
t -50 -200 16.66666603088379 -50 -200 50 -83.33333587646484 -200 50 255 92 92
t -50 -166.6666717529297 16.66666603088379 -83.33333587646484 -200 16.66666603088379 -83.33333587646484 -166.6666717529297 16.66666603088379 255 92 92
t -50 -166.6666717529297 16.66666603088379 -50 -200 16.66666603088379 -83.33333587646484 -200 16.66666603088379 255 92 92
t -83.33333587646484 -166.6666717529297 50 -83.33333587646484 -200 50 -50 -166.6666717529297 50 255 92 92
t -83.33333587646484 -200 50 -50 -200 50 -50 -166.6666717529297 50 255 92 92
t -83.33333587646484 -166.6666717529297 16.66666603088379 -83.33333587646484 -200 16.66666603088379 -83.33333587646484 -166.6666717529297 50 255 92 92
t -83.33333587646484 -200 16.66666603088379 -83.33333587646484 -200 50 -83.33333587646484 -166.6666717529297 50 255 92 92
t -50 -166.6666717529297 50 -50 -200 16.66666603088379 -50 -166.6666717529297 16.66666603088379 255 92 92
t -50 -166.6666717529297 50 -50 -200 50 -50 -200 16.66666603088379 255 92 92