# MiniMesh v0.1
t -183.3333282470703 266.6666564941406 -16.66666603088379 -183.3333282470703 266.6666564941406 16.66666603088379 -150 266.6666564941406 -16.66666603088379 212 212 212
t -183.3333282470703 266.6666564941406 16.66666603088379 -150 266.6666564941406 16.66666603088379 -150 266.6666564941406 -16.66666603088379 212 212 212
t -150 266.6666564941406 -16.66666603088379 -183.3333282470703 233.3333282470703 -16.66666603088379 -183.3333282470703 266.6666564941406 -16.66666603088379 212 212 212
t -150 266.6666564941406 -16.66666603088379 -150 233.3333282470703 -16.66666603088379 -183.3333282470703 233.3333282470703 -16.66666603088379 212 212 212
t -183.3333282470703 266.6666564941406 16.66666603088379 -183.3333282470703 233.3333282470703 16.66666603088379 -150 266.6666564941406 16.66666603088379 212 212 212
t -183.3333282470703 233.3333282470703 16.66666603088379 -150 233.3333282470703 16.66666603088379 -150 266.6666564941406 16.66666603088379 212 212 212
t -150 266.6666564941406 16.66666603088379 -150 233.3333282470703 -16.66666603088379 -150 266.6666564941406 -16.66666603088379 212 212 212
t -150 266.6666564941406 16.66666603088379 -150 233.3333282470703 16.66666603088379 -150 233.3333282470703 -16.66666603088379 212 212 212
t -216.6666717529297 266.6666564941406 -16.66666603088379 -216.6666717529297 266.6666564941406 16.66666603088379 -183.3333282470703 266.6666564941406 -16.66666603088379 212 212 212
t -216.6666717529297 266.6666564941406 16.66666603088379 -183.3333282470703 266.6666564941406 16.66666603088379 -183.3333282470703 266.6666564941406 -16.66666603088379 212 212 212
t -183.3333282470703 266.6666564941406 -16.66666603088379 -216.6666717529297 233.3333282470703 -16.66666603088379 -216.6666717529297 266.6666564941406 -16.66666603088379 212 212 212
t -183.3333282470703 266.6666564941406 -16.66666603088379 -183.3333282470703 233.3333282470703 -16.66666603088379 -216.6666717529297 233.3333282470703 -16.66666603088379 212 212 212
t -216.6666717529297 266.6666564941406 16.66666603088379 -216.6666717529297 233.3333282470703 16.66666603088379 -183.3333282470703 266.6666564941406 16.66666603088379 212 212 212
t -216.6666717529297 233.3333282470703 16.66666603088379 -183.3333282470703 233.3333282470703 16.66666603088379 -183.3333282470703 266.6666564941406 16.66666603088379 212 212 212
t -250 266.6666564941406 -16.66666603088379 -250 266.6666564941406 16.66666603088379 -216.6666717529297 266.6666564941406 -16.66666603088379 212 212 212
t -250 266.6666564941406 16.66666603088379 -216.6666717529297 266.6666564941406 16.66666603088379 -216.6666717529297 266.6666564941406 -16.66666603088379 212 212 212
t -216.6666717529297 266.6666564941406 -16.66666603088379 -250 233.3333282470703 -16.66666603088379 -250 266.6666564941406 -16.66666603088379 212 212 212
t -216.6666717529297 266.6666564941406 -16.66666603088379 -216.6666717529297 233.3333282470703 -16.66666603088379 -250 233.3333282470703 -16.66666603088379 212 212 212
t -250 266.6666564941406 16.66666603088379 -250 233.3333282470703 16.66666603088379 -216.6666717529297 266.6666564941406 16.66666603088379 212 212 212
t -250 233.3333282470703 16.66666603088379 -216.6666717529297 233.3333282470703 16.66666603088379 -216.6666717529297 266.6666564941406 16.66666603088379 212 212 212
t -250 266.6666564941406 -16.66666603088379 -250 233.3333282470703 -16.66666603088379 -250 266.6666564941406 16.66666603088379 212 212 212
t -250 233.3333282470703 -16.66666603088379 -250 233.3333282470703 16.66666603088379 -250 266.6666564941406 16.66666603088379 212 212 212
t -150 233.3333282470703 -16.66666603088379 -150 233.3333282470703 16.66666603088379 -116.66666412353516 233.3333282470703 -16.66666603088379 212 212 212
t -150 233.3333282470703 16.66666603088379 -116.66666412353516 233.3333282470703 16.66666603088379 -116.66666412353516 233.3333282470703 -16.66666603088379 212 212 212
t -116.66666412353516 233.3333282470703 -16.66666603088379 -150 200 -16.66666603088379 -150 233.3333282470703 -16.66666603088379 212 212 212
t -116.66666412353516 233.3333282470703 -16.66666603088379 -116.66666412353516 200 -16.66666603088379 -150 200 -16.66666603088379 212 212 212
t -150 233.3333282470703 16.66666603088379 -150 200 16.66666603088379 -116.66666412353516 233.3333282470703 16.66666603088379 212 212 212
t -150 200 16.66666603088379 -116.66666412353516 200 16.66666603088379 -116.66666412353516 233.3333282470703 16.66666603088379 212 212 212
t -116.66666412353516 233.3333282470703 16.66666603088379 -116.66666412353516 200 -16.66666603088379 -116.66666412353516 233.3333282470703 -16.66666603088379 212 212 212
t -116.66666412353516 233.3333282470703 16.66666603088379 -116.66666412353516 200 16.66666603088379 -116.66666412353516 200 -16.66666603088379 212 212 212
t -150 233.3333282470703 -16.66666603088379 -183.3333282470703 200 -16.66666603088379 -183.3333282470703 233.3333282470703 -16.66666603088379 212 212 212
t -150 233.3333282470703 -16.66666603088379 -150 200 -16.66666603088379 -183.3333282470703 200 -16.66666603088379 212 212 212
t -183.3333282470703 233.3333282470703 16.66666603088379 -183.3333282470703 200 16.66666603088379 -150 233.3333282470703 16.66666603088379 212 212 212
t -183.3333282470703 200 16.66666603088379 -150 200 16.66666603088379 -150 233.3333282470703 16.66666603088379 212 212 212
t -183.3333282470703 233.3333282470703 -16.66666603088379 -216.6666717529297 200 -16.66666603088379 -216.6666717529297 233.3333282470703 -16.66666603088379 112 112 112
t -183.3333282470703 233.3333282470703 -16.66666603088379 -183.3333282470703 200 -16.66666603088379 -216.6666717529297 200 -16.66666603088379 112 112 112
t -216.6666717529297 233.3333282470703 16.66666603088379 -216.6666717529297 200 16.66666603088379 -183.3333282470703 233.3333282470703 16.66666603088379 112 112 112
t -216.6666717529297 200 16.66666603088379 -183.3333282470703 200 16.66666603088379 -183.3333282470703 233.3333282470703 16.66666603088379 112 112 112
t -216.6666717529297 233.3333282470703 -16.66666603088379 -250 200 -16.66666603088379 -250 233.3333282470703 -16.66666603088379 212 212 212
t -216.6666717529297 233.3333282470703 -16.66666603088379 -216.6666717529297 200 -16.66666603088379 -250 200 -16.66666603088379 212 212 212
t -250 233.3333282470703 16.66666603088379 -250 200 16.66666603088379 -216.6666717529297 233.3333282470703 16.66666603088379 212 212 212
t -250 200 16.66666603088379 -216.6666717529297 200 16.66666603088379 -216.6666717529297 233.3333282470703 16.66666603088379 212 212 212
t -250 233.3333282470703 -16.66666603088379 -250 200 -16.66666603088379 -250 233.3333282470703 16.66666603088379 212 212 212
t -250 200 -16.66666603088379 -250 200 16.66666603088379 -250 233.3333282470703 16.66666603088379 212 212 212
t -116.66666412353516 200 -16.66666603088379 -116.66666412353516 200 16.66666603088379 -83.33333587646484 200 -16.66666603088379 212 212 212
t -116.66666412353516 200 16.66666603088379 -83.33333587646484 200 16.66666603088379 -83.33333587646484 200 -16.66666603088379 212 212 212
t -83.33333587646484 200 -16.66666603088379 -116.66666412353516 166.6666717529297 -16.66666603088379 -116.66666412353516 200 -16.66666603088379 212 212 212
t -83.33333587646484 200 -16.66666603088379 -83.33333587646484 166.6666717529297 -16.66666603088379 -116.66666412353516 166.6666717529297 -16.66666603088379 212 212 212
t -116.66666412353516 200 16.66666603088379 -116.66666412353516 166.6666717529297 16.66666603088379 -83.33333587646484 200 16.66666603088379 212 212 212
t -116.66666412353516 166.6666717529297 16.66666603088379 -83.33333587646484 166.6666717529297 16.66666603088379 -83.33333587646484 200 16.66666603088379 212 212 212
t -83.33333587646484 200 16.66666603088379 -83.33333587646484 166.6666717529297 -16.66666603088379 -83.33333587646484 200 -16.66666603088379 212 212 212
t -83.33333587646484 200 16.66666603088379 -83.33333587646484 166.6666717529297 16.66666603088379 -83.33333587646484 166.6666717529297 -16.66666603088379 212 212 212
t -116.66666412353516 200 -16.66666603088379 -150 166.6666717529297 -16.66666603088379 -150 200 -16.66666603088379 212 212 212
t -116.66666412353516 200 -16.66666603088379 -116.66666412353516 166.6666717529297 -16.66666603088379 -150 166.6666717529297 -16.66666603088379 212 212 212
t -150 200 16.66666603088379 -150 166.6666717529297 16.66666603088379 -116.66666412353516 200 16.66666603088379 212 212 212
t -150 166.6666717529297 16.66666603088379 -116.66666412353516 166.6666717529297 16.66666603088379 -116.66666412353516 200 16.66666603088379 212 212 212
t -150 200 -16.66666603088379 -183.3333282470703 166.6666717529297 -16.66666603088379 -183.3333282470703 200 -16.66666603088379 112 112 112
t -150 200 -16.66666603088379 -150 166.6666717529297 -16.66666603088379 -183.3333282470703 166.6666717529297 -16.66666603088379 112 112 112
t -183.3333282470703 200 16.66666603088379 -183.3333282470703 166.6666717529297 16.66666603088379 -150 200 16.66666603088379 112 112 112
t -183.3333282470703 166.6666717529297 16.66666603088379 -150 166.6666717529297 16.66666603088379 -150 200 16.66666603088379 112 112 112
t -183.3333282470703 200 -16.66666603088379 -216.6666717529297 166.6666717529297 -16.66666603088379 -216.6666717529297 200 -16.66666603088379 212 212 212
t -183.3333282470703 200 -16.66666603088379 -183.3333282470703 166.6666717529297 -16.66666603088379 -216.6666717529297 166.6666717529297 -16.66666603088379 212 212 212
t -216.6666717529297 200 16.66666603088379 -216.6666717529297 166.6666717529297 16.66666603088379 -183.3333282470703 200 16.66666603088379 212 212 212
t -216.6666717529297 166.6666717529297 16.66666603088379 -183.3333282470703 166.6666717529297 16.66666603088379 -183.3333282470703 200 16.66666603088379 212 212 212
t -216.6666717529297 166.6666717529297 -16.66666603088379 -250 166.6666717529297 16.66666603088379 -250 166.6666717529297 -16.66666603088379 212 212 212
t -216.6666717529297 166.6666717529297 -16.66666603088379 -216.6666717529297 166.6666717529297 16.66666603088379 -250 166.6666717529297 16.66666603088379 212 212 212
t -216.6666717529297 200 -16.66666603088379 -250 166.6666717529297 -16.66666603088379 -250 200 -16.66666603088379 212 212 212
t -216.6666717529297 200 -16.66666603088379 -216.6666717529297 166.6666717529297 -16.66666603088379 -250 166.6666717529297 -16.66666603088379 212 212 212
t -250 200 16.66666603088379 -250 166.6666717529297 16.66666603088379 -216.6666717529297 200 16.66666603088379 212 212 212
t -250 166.6666717529297 16.66666603088379 -216.6666717529297 166.6666717529297 16.66666603088379 -216.6666717529297 200 16.66666603088379 212 212 212
t -250 200 -16.66666603088379 -250 166.6666717529297 -16.66666603088379 -250 200 16.66666603088379 212 212 212
t -250 166.6666717529297 -16.66666603088379 -250 166.6666717529297 16.66666603088379 -250 200 16.66666603088379 212 212 212
t -83.33333587646484 166.6666717529297 -16.66666603088379 -83.33333587646484 166.6666717529297 16.66666603088379 -50 166.6666717529297 -16.66666603088379 212 212 212
t -83.33333587646484 166.6666717529297 16.66666603088379 -50 166.6666717529297 16.66666603088379 -50 166.6666717529297 -16.66666603088379 212 212 212
t -50 166.6666717529297 -16.66666603088379 -83.33333587646484 133.3333282470703 -16.66666603088379 -83.33333587646484 166.6666717529297 -16.66666603088379 212 212 212
t -50 166.6666717529297 -16.66666603088379 -50 133.3333282470703 -16.66666603088379 -83.33333587646484 133.3333282470703 -16.66666603088379 212 212 212
t -83.33333587646484 166.6666717529297 16.66666603088379 -83.33333587646484 133.3333282470703 16.66666603088379 -50 166.6666717529297 16.66666603088379 212 212 212
t -83.33333587646484 133.3333282470703 16.66666603088379 -50 133.3333282470703 16.66666603088379 -50 166.6666717529297 16.66666603088379 212 212 212
t -50 166.6666717529297 16.66666603088379 -50 133.3333282470703 -16.66666603088379 -50 166.6666717529297 -16.66666603088379 212 212 212
t -50 166.6666717529297 16.66666603088379 -50 133.3333282470703 16.66666603088379 -50 133.3333282470703 -16.66666603088379 212 212 212
t -83.33333587646484 166.6666717529297 -16.66666603088379 -116.66666412353516 133.3333282470703 -16.66666603088379 -116.66666412353516 166.6666717529297 -16.66666603088379 212 212 212
t -83.33333587646484 166.6666717529297 -16.66666603088379 -83.33333587646484 133.3333282470703 -16.66666603088379 -116.66666412353516 133.3333282470703 -16.66666603088379 212 212 212
t -116.66666412353516 166.6666717529297 16.66666603088379 -116.66666412353516 133.3333282470703 16.66666603088379 -83.33333587646484 166.6666717529297 16.66666603088379 212 212 212
t -116.66666412353516 133.3333282470703 16.66666603088379 -83.33333587646484 133.3333282470703 16.66666603088379 -83.33333587646484 166.6666717529297 16.66666603088379 212 212 212
t -116.66666412353516 166.6666717529297 -16.66666603088379 -150 133.3333282470703 -16.66666603088379 -150 166.6666717529297 -16.66666603088379 112 112 112
t -116.66666412353516 166.6666717529297 -16.66666603088379 -116.66666412353516 133.3333282470703 -16.66666603088379 -150 133.3333282470703 -16.66666603088379 112 112 112
t -150 166.6666717529297 16.66666603088379 -150 133.3333282470703 16.66666603088379 -116.66666412353516 166.6666717529297 16.66666603088379 112 112 112
t -150 133.3333282470703 16.66666603088379 -116.66666412353516 133.3333282470703 16.66666603088379 -116.66666412353516 166.6666717529297 16.66666603088379 112 112 112
t -150 166.6666717529297 -16.66666603088379 -183.3333282470703 133.3333282470703 -16.66666603088379 -183.3333282470703 166.6666717529297 -16.66666603088379 212 212 212
t -150 166.6666717529297 -16.66666603088379 -150 133.3333282470703 -16.66666603088379 -183.3333282470703 133.3333282470703 -16.66666603088379 212 212 212
t -183.3333282470703 166.6666717529297 16.66666603088379 -183.3333282470703 133.3333282470703 16.66666603088379 -150 166.6666717529297 16.66666603088379 212 212 212
t -183.3333282470703 133.3333282470703 16.66666603088379 -150 133.3333282470703 16.66666603088379 -150 166.6666717529297 16.66666603088379 212 212 212
t -183.3333282470703 133.3333282470703 -16.66666603088379 -216.6666717529297 133.3333282470703 16.66666603088379 -216.6666717529297 133.3333282470703 -16.66666603088379 212 212 212
t -183.3333282470703 133.3333282470703 -16.66666603088379 -183.3333282470703 133.3333282470703 16.66666603088379 -216.6666717529297 133.3333282470703 16.66666603088379 212 212 212
t -183.3333282470703 166.6666717529297 -16.66666603088379 -216.6666717529297 133.3333282470703 -16.66666603088379 -216.6666717529297 166.6666717529297 -16.66666603088379 212 212 212
t -183.3333282470703 166.6666717529297 -16.66666603088379 -183.3333282470703 133.3333282470703 -16.66666603088379 -216.6666717529297 133.3333282470703 -16.66666603088379 212 212 212
t -216.6666717529297 166.6666717529297 16.66666603088379 -216.6666717529297 133.3333282470703 16.66666603088379 -183.3333282470703 166.6666717529297 16.66666603088379 212 212 212
t -216.6666717529297 133.3333282470703 16.66666603088379 -183.3333282470703 133.3333282470703 16.66666603088379 -183.3333282470703 166.6666717529297 16.66666603088379 212 212 212
t -216.6666717529297 166.6666717529297 -16.66666603088379 -216.6666717529297 133.3333282470703 -16.66666603088379 -216.6666717529297 166.6666717529297 16.66666603088379 212 212 212
t -216.6666717529297 133.3333282470703 -16.66666603088379 -216.6666717529297 133.3333282470703 16.66666603088379 -216.6666717529297 166.6666717529297 16.66666603088379 212 212 212
t -50 133.3333282470703 -16.66666603088379 -50 133.3333282470703 16.66666603088379 -16.66666603088379 133.3333282470703 -16.66666603088379 212 212 212
t -50 133.3333282470703 16.66666603088379 -16.66666603088379 133.3333282470703 16.66666603088379 -16.66666603088379 133.3333282470703 -16.66666603088379 212 212 212
t -16.66666603088379 133.3333282470703 -16.66666603088379 -50 100 -16.66666603088379 -50 133.3333282470703 -16.66666603088379 212 212 212
t -16.66666603088379 133.3333282470703 -16.66666603088379 -16.66666603088379 100 -16.66666603088379 -50 100 -16.66666603088379 212 212 212
t -50 133.3333282470703 16.66666603088379 -50 100 16.66666603088379 -16.66666603088379 133.3333282470703 16.66666603088379 212 212 212
t -50 100 16.66666603088379 -16.66666603088379 100 16.66666603088379 -16.66666603088379 133.3333282470703 16.66666603088379 212 212 212
t -16.66666603088379 133.3333282470703 16.66666603088379 -16.66666603088379 100 -16.66666603088379 -16.66666603088379 133.3333282470703 -16.66666603088379 212 212 212
t -16.66666603088379 133.3333282470703 16.66666603088379 -16.66666603088379 100 16.66666603088379 -16.66666603088379 100 -16.66666603088379 212 212 212
t -50 133.3333282470703 -16.66666603088379 -83.33333587646484 100 -16.66666603088379 -83.33333587646484 133.3333282470703 -16.66666603088379 212 212 212
t -50 133.3333282470703 -16.66666603088379 -50 100 -16.66666603088379 -83.33333587646484 100 -16.66666603088379 212 212 212
t -83.33333587646484 133.3333282470703 16.66666603088379 -83.33333587646484 100 16.66666603088379 -50 133.3333282470703 16.66666603088379 212 212 212
t -83.33333587646484 100 16.66666603088379 -50 100 16.66666603088379 -50 133.3333282470703 16.66666603088379 212 212 212
t -83.33333587646484 133.3333282470703 -16.66666603088379 -116.66666412353516 100 -16.66666603088379 -116.66666412353516 133.3333282470703 -16.66666603088379 112 112 112
t -83.33333587646484 133.3333282470703 -16.66666603088379 -83.33333587646484 100 -16.66666603088379 -116.66666412353516 100 -16.66666603088379 112 112 112
t -116.66666412353516 133.3333282470703 16.66666603088379 -116.66666412353516 100 16.66666603088379 -83.33333587646484 133.3333282470703 16.66666603088379 112 112 112
t -116.66666412353516 100 16.66666603088379 -83.33333587646484 100 16.66666603088379 -83.33333587646484 133.3333282470703 16.66666603088379 112 112 112
t -116.66666412353516 133.3333282470703 -16.66666603088379 -150 100 -16.66666603088379 -150 133.3333282470703 -16.66666603088379 212 212 212
t -116.66666412353516 133.3333282470703 -16.66666603088379 -116.66666412353516 100 -16.66666603088379 -150 100 -16.66666603088379 212 212 212
t -150 133.3333282470703 16.66666603088379 -150 100 16.66666603088379 -116.66666412353516 133.3333282470703 16.66666603088379 212 212 212
t -150 100 16.66666603088379 -116.66666412353516 100 16.66666603088379 -116.66666412353516 133.3333282470703 16.66666603088379 212 212 212
t -150 100 -16.66666603088379 -183.3333282470703 100 16.66666603088379 -183.3333282470703 100 -16.66666603088379 212 212 212
t -150 100 -16.66666603088379 -150 100 16.66666603088379 -183.3333282470703 100 16.66666603088379 212 212 212
t -150 133.3333282470703 -16.66666603088379 -183.3333282470703 100 -16.66666603088379 -183.3333282470703 133.3333282470703 -16.66666603088379 212 212 212
t -150 133.3333282470703 -16.66666603088379 -150 100 -16.66666603088379 -183.3333282470703 100 -16.66666603088379 212 212 212
t -183.3333282470703 133.3333282470703 16.66666603088379 -183.3333282470703 100 16.66666603088379 -150 133.3333282470703 16.66666603088379 212 212 212
t -183.3333282470703 100 16.66666603088379 -150 100 16.66666603088379 -150 133.3333282470703 16.66666603088379 212 212 212
t -183.3333282470703 133.3333282470703 -16.66666603088379 -183.3333282470703 100 -16.66666603088379 -183.3333282470703 133.3333282470703 16.66666603088379 212 212 212
t -183.3333282470703 100 -16.66666603088379 -183.3333282470703 100 16.66666603088379 -183.3333282470703 133.3333282470703 16.66666603088379 212 212 212
t -16.66666603088379 100 -16.66666603088379 -16.66666603088379 100 16.66666603088379 16.66666603088379 100 -16.66666603088379 212 212 212
t -16.66666603088379 100 16.66666603088379 16.66666603088379 100 16.66666603088379 16.66666603088379 100 -16.66666603088379 212 212 212
t 16.66666603088379 100 -16.66666603088379 -16.66666603088379 66.66666412353516 -16.66666603088379 -16.66666603088379 100 -16.66666603088379 212 212 212
t 16.66666603088379 100 -16.66666603088379 16.66666603088379 66.66666412353516 -16.66666603088379 -16.66666603088379 66.66666412353516 -16.66666603088379 212 212 212
t -16.66666603088379 100 16.66666603088379 -16.66666603088379 66.66666412353516 16.66666603088379 16.66666603088379 100 16.66666603088379 212 212 212
t -16.66666603088379 66.66666412353516 16.66666603088379 16.66666603088379 66.66666412353516 16.66666603088379 16.66666603088379 100 16.66666603088379 212 212 212
t 16.66666603088379 100 16.66666603088379 16.66666603088379 66.66666412353516 -16.66666603088379 16.66666603088379 100 -16.66666603088379 212 212 212
t 16.66666603088379 100 16.66666603088379 16.66666603088379 66.66666412353516 16.66666603088379 16.66666603088379 66.66666412353516 -16.66666603088379 212 212 212
t -16.66666603088379 100 -16.66666603088379 -50 66.66666412353516 -16.66666603088379 -50 100 -16.66666603088379 212 212 212
t -16.66666603088379 100 -16.66666603088379 -16.66666603088379 66.66666412353516 -16.66666603088379 -50 66.66666412353516 -16.66666603088379 212 212 212
t -50 100 16.66666603088379 -50 66.66666412353516 16.66666603088379 -16.66666603088379 100 16.66666603088379 212 212 212
t -50 66.66666412353516 16.66666603088379 -16.66666603088379 66.66666412353516 16.66666603088379 -16.66666603088379 100 16.66666603088379 212 212 212
t -50 100 -16.66666603088379 -83.33333587646484 66.66666412353516 -16.66666603088379 -83.33333587646484 100 -16.66666603088379 112 112 112
t -50 100 -16.66666603088379 -50 66.66666412353516 -16.66666603088379 -83.33333587646484 66.66666412353516 -16.66666603088379 112 112 112
t -83.33333587646484 100 16.66666603088379 -83.33333587646484 66.66666412353516 16.66666603088379 -50 100 16.66666603088379 112 112 112
t -83.33333587646484 66.66666412353516 16.66666603088379 -50 66.66666412353516 16.66666603088379 -50 100 16.66666603088379 112 112 112
t -83.33333587646484 100 -16.66666603088379 -116.66666412353516 66.66666412353516 -16.66666603088379 -116.66666412353516 100 -16.66666603088379 212 212 212
t -83.33333587646484 100 -16.66666603088379 -83.33333587646484 66.66666412353516 -16.66666603088379 -116.66666412353516 66.66666412353516 -16.66666603088379 212 212 212
t -116.66666412353516 100 16.66666603088379 -116.66666412353516 66.66666412353516 16.66666603088379 -83.33333587646484 100 16.66666603088379 212 212 212
t -116.66666412353516 66.66666412353516 16.66666603088379 -83.33333587646484 66.66666412353516 16.66666603088379 -83.33333587646484 100 16.66666603088379 212 212 212
t -116.66666412353516 66.66666412353516 -16.66666603088379 -150 66.66666412353516 16.66666603088379 -150 66.66666412353516 -16.66666603088379 212 212 212
t -116.66666412353516 66.66666412353516 -16.66666603088379 -116.66666412353516 66.66666412353516 16.66666603088379 -150 66.66666412353516 16.66666603088379 212 212 212
t -116.66666412353516 100 -16.66666603088379 -150 66.66666412353516 -16.66666603088379 -150 100 -16.66666603088379 212 212 212
t -116.66666412353516 100 -16.66666603088379 -116.66666412353516 66.66666412353516 -16.66666603088379 -150 66.66666412353516 -16.66666603088379 212 212 212
t -150 100 16.66666603088379 -150 66.66666412353516 16.66666603088379 -116.66666412353516 100 16.66666603088379 212 212 212
t -150 66.66666412353516 16.66666603088379 -116.66666412353516 66.66666412353516 16.66666603088379 -116.66666412353516 100 16.66666603088379 212 212 212
t -150 100 -16.66666603088379 -150 66.66666412353516 -16.66666603088379 -150 100 16.66666603088379 212 212 212
t -150 66.66666412353516 -16.66666603088379 -150 66.66666412353516 16.66666603088379 -150 100 16.66666603088379 212 212 212
t 16.66666603088379 66.66666412353516 -16.66666603088379 16.66666603088379 66.66666412353516 16.66666603088379 50 66.66666412353516 -16.66666603088379 212 212 212
t 16.66666603088379 66.66666412353516 16.66666603088379 50 66.66666412353516 16.66666603088379 50 66.66666412353516 -16.66666603088379 212 212 212
t 50 66.66666412353516 -16.66666603088379 16.66666603088379 33.33333206176758 -16.66666603088379 16.66666603088379 66.66666412353516 -16.66666603088379 212 212 212
t 50 66.66666412353516 -16.66666603088379 50 33.33333206176758 -16.66666603088379 16.66666603088379 33.33333206176758 -16.66666603088379 212 212 212
t 16.66666603088379 66.66666412353516 16.66666603088379 16.66666603088379 33.33333206176758 16.66666603088379 50 66.66666412353516 16.66666603088379 212 212 212
t 16.66666603088379 33.33333206176758 16.66666603088379 50 33.33333206176758 16.66666603088379 50 66.66666412353516 16.66666603088379 212 212 212
t 50 66.66666412353516 16.66666603088379 50 33.33333206176758 -16.66666603088379 50 66.66666412353516 -16.66666603088379 212 212 212
t 50 66.66666412353516 16.66666603088379 50 33.33333206176758 16.66666603088379 50 33.33333206176758 -16.66666603088379 212 212 212
t 16.66666603088379 66.66666412353516 -16.66666603088379 -16.66666603088379 33.33333206176758 -16.66666603088379 -16.66666603088379 66.66666412353516 -16.66666603088379 212 212 212
t 16.66666603088379 66.66666412353516 -16.66666603088379 16.66666603088379 33.33333206176758 -16.66666603088379 -16.66666603088379 33.33333206176758 -16.66666603088379 212 212 212
t -16.66666603088379 66.66666412353516 16.66666603088379 -16.66666603088379 33.33333206176758 16.66666603088379 16.66666603088379 66.66666412353516 16.66666603088379 212 212 212
t -16.66666603088379 33.33333206176758 16.66666603088379 16.66666603088379 33.33333206176758 16.66666603088379 16.66666603088379 66.66666412353516 16.66666603088379 212 212 212
t -16.66666603088379 66.66666412353516 -16.66666603088379 -50 33.33333206176758 -16.66666603088379 -50 66.66666412353516 -16.66666603088379 112 112 112
t -16.66666603088379 66.66666412353516 -16.66666603088379 -16.66666603088379 33.33333206176758 -16.66666603088379 -50 33.33333206176758 -16.66666603088379 112 112 112
t -50 66.66666412353516 16.66666603088379 -50 33.33333206176758 16.66666603088379 -16.66666603088379 66.66666412353516 16.66666603088379 112 112 112
t -50 33.33333206176758 16.66666603088379 -16.66666603088379 33.33333206176758 16.66666603088379 -16.66666603088379 66.66666412353516 16.66666603088379 112 112 112
t -50 66.66666412353516 -16.66666603088379 -83.33333587646484 33.33333206176758 -16.66666603088379 -83.33333587646484 66.66666412353516 -16.66666603088379 212 212 212
t -50 66.66666412353516 -16.66666603088379 -50 33.33333206176758 -16.66666603088379 -83.33333587646484 33.33333206176758 -16.66666603088379 212 212 212
t -83.33333587646484 66.66666412353516 16.66666603088379 -83.33333587646484 33.33333206176758 16.66666603088379 -50 66.66666412353516 16.66666603088379 212 212 212
t -83.33333587646484 33.33333206176758 16.66666603088379 -50 33.33333206176758 16.66666603088379 -50 66.66666412353516 16.66666603088379 212 212 212
t -83.33333587646484 33.33333206176758 -16.66666603088379 -116.66666412353516 33.33333206176758 16.66666603088379 -116.66666412353516 33.33333206176758 -16.66666603088379 212 212 212
t -83.33333587646484 33.33333206176758 -16.66666603088379 -83.33333587646484 33.33333206176758 16.66666603088379 -116.66666412353516 33.33333206176758 16.66666603088379 212 212 212
t -83.33333587646484 66.66666412353516 -16.66666603088379 -116.66666412353516 33.33333206176758 -16.66666603088379 -116.66666412353516 66.66666412353516 -16.66666603088379 212 212 212
t -83.33333587646484 66.66666412353516 -16.66666603088379 -83.33333587646484 33.33333206176758 -16.66666603088379 -116.66666412353516 33.33333206176758 -16.66666603088379 212 212 212
t -116.66666412353516 66.66666412353516 16.66666603088379 -116.66666412353516 33.33333206176758 16.66666603088379 -83.33333587646484 66.66666412353516 16.66666603088379 212 212 212
t -116.66666412353516 33.33333206176758 16.66666603088379 -83.33333587646484 33.33333206176758 16.66666603088379 -83.33333587646484 66.66666412353516 16.66666603088379 212 212 212
t -116.66666412353516 66.66666412353516 -16.66666603088379 -116.66666412353516 33.33333206176758 -16.66666603088379 -116.66666412353516 66.66666412353516 16.66666603088379 212 212 212
t -116.66666412353516 33.33333206176758 -16.66666603088379 -116.66666412353516 33.33333206176758 16.66666603088379 -116.66666412353516 66.66666412353516 16.66666603088379 212 212 212
t 150 33.33333206176758 -16.66666603088379 150 33.33333206176758 16.66666603088379 183.3333282470703 33.33333206176758 -16.66666603088379 81 168 155
t 150 33.33333206176758 16.66666603088379 183.3333282470703 33.33333206176758 16.66666603088379 183.3333282470703 33.33333206176758 -16.66666603088379 81 168 155
t 183.3333282470703 33.33333206176758 -16.66666603088379 150 7.105427357601002e-15 -16.66666603088379 150 33.33333206176758 -16.66666603088379 81 168 155
t 183.3333282470703 33.33333206176758 -16.66666603088379 183.3333282470703 7.105427357601002e-15 -16.66666603088379 150 7.105427357601002e-15 -16.66666603088379 81 168 155
t 150 33.33333206176758 16.66666603088379 150 7.105427357601002e-15 16.66666603088379 183.3333282470703 33.33333206176758 16.66666603088379 81 168 155
t 150 7.105427357601002e-15 16.66666603088379 183.3333282470703 7.105427357601002e-15 16.66666603088379 183.3333282470703 33.33333206176758 16.66666603088379 81 168 155
t 183.3333282470703 33.33333206176758 16.66666603088379 183.3333282470703 7.105427357601002e-15 -16.66666603088379 183.3333282470703 33.33333206176758 -16.66666603088379 81 168 155
t 183.3333282470703 33.33333206176758 16.66666603088379 183.3333282470703 7.105427357601002e-15 16.66666603088379 183.3333282470703 7.105427357601002e-15 -16.66666603088379 81 168 155
t 116.66666412353516 33.33333206176758 -16.66666603088379 116.66666412353516 33.33333206176758 16.66666603088379 150 33.33333206176758 -16.66666603088379 63 99 166
t 116.66666412353516 33.33333206176758 16.66666603088379 150 33.33333206176758 16.66666603088379 150 33.33333206176758 -16.66666603088379 63 99 166
t 150 33.33333206176758 -16.66666603088379 116.66666412353516 7.105427357601002e-15 -16.66666603088379 116.66666412353516 33.33333206176758 -16.66666603088379 63 99 166
t 150 33.33333206176758 -16.66666603088379 150 7.105427357601002e-15 -16.66666603088379 116.66666412353516 7.105427357601002e-15 -16.66666603088379 63 99 166
t 116.66666412353516 33.33333206176758 16.66666603088379 116.66666412353516 7.105427357601002e-15 16.66666603088379 150 33.33333206176758 16.66666603088379 63 99 166
t 116.66666412353516 7.105427357601002e-15 16.66666603088379 150 7.105427357601002e-15 16.66666603088379 150 33.33333206176758 16.66666603088379 63 99 166
t 116.66666412353516 33.33333206176758 -16.66666603088379 116.66666412353516 7.105427357601002e-15 -16.66666603088379 116.66666412353516 33.33333206176758 16.66666603088379 63 99 166
t 116.66666412353516 7.105427357601002e-15 -16.66666603088379 116.66666412353516 7.105427357601002e-15 16.66666603088379 116.66666412353516 33.33333206176758 16.66666603088379 63 99 166
t 50 33.33333206176758 -16.66666603088379 50 33.33333206176758 16.66666603088379 83.33333587646484 33.33333206176758 -16.66666603088379 212 212 212
t 50 33.33333206176758 16.66666603088379 83.33333587646484 33.33333206176758 16.66666603088379 83.33333587646484 33.33333206176758 -16.66666603088379 212 212 212
t 83.33333587646484 33.33333206176758 -16.66666603088379 50 7.105427357601002e-15 -16.66666603088379 50 33.33333206176758 -16.66666603088379 212 212 212
t 83.33333587646484 33.33333206176758 -16.66666603088379 83.33333587646484 7.105427357601002e-15 -16.66666603088379 50 7.105427357601002e-15 -16.66666603088379 212 212 212
t 50 33.33333206176758 16.66666603088379 50 7.105427357601002e-15 16.66666603088379 83.33333587646484 33.33333206176758 16.66666603088379 212 212 212
t 50 7.105427357601002e-15 16.66666603088379 83.33333587646484 7.105427357601002e-15 16.66666603088379 83.33333587646484 33.33333206176758 16.66666603088379 212 212 212
t 83.33333587646484 33.33333206176758 16.66666603088379 83.33333587646484 7.105427357601002e-15 -16.66666603088379 83.33333587646484 33.33333206176758 -16.66666603088379 212 212 212
t 83.33333587646484 33.33333206176758 16.66666603088379 83.33333587646484 7.105427357601002e-15 16.66666603088379 83.33333587646484 7.105427357601002e-15 -16.66666603088379 212 212 212
t 50 33.33333206176758 -16.66666603088379 16.66666603088379 7.105427357601002e-15 -16.66666603088379 16.66666603088379 33.33333206176758 -16.66666603088379 212 212 212
t 50 33.33333206176758 -16.66666603088379 50 7.105427357601002e-15 -16.66666603088379 16.66666603088379 7.105427357601002e-15 -16.66666603088379 212 212 212
t 16.66666603088379 33.33333206176758 16.66666603088379 16.66666603088379 7.105427357601002e-15 16.66666603088379 50 33.33333206176758 16.66666603088379 212 212 212
t 16.66666603088379 7.105427357601002e-15 16.66666603088379 50 7.105427357601002e-15 16.66666603088379 50 33.33333206176758 16.66666603088379 212 212 212
t 16.66666603088379 33.33333206176758 -16.66666603088379 -16.66666603088379 7.105427357601002e-15 -16.66666603088379 -16.66666603088379 33.33333206176758 -16.66666603088379 112 112 112
t 16.66666603088379 33.33333206176758 -16.66666603088379 16.66666603088379 7.105427357601002e-15 -16.66666603088379 -16.66666603088379 7.105427357601002e-15 -16.66666603088379 112 112 112
t -16.66666603088379 33.33333206176758 16.66666603088379 -16.66666603088379 7.105427357601002e-15 16.66666603088379 16.66666603088379 33.33333206176758 16.66666603088379 112 112 112
t -16.66666603088379 7.105427357601002e-15 16.66666603088379 16.66666603088379 7.105427357601002e-15 16.66666603088379 16.66666603088379 33.33333206176758 16.66666603088379 112 112 112
t -16.66666603088379 33.33333206176758 -16.66666603088379 -50 7.105427357601002e-15 -16.66666603088379 -50 33.33333206176758 -16.66666603088379 212 212 212
t -16.66666603088379 33.33333206176758 -16.66666603088379 -16.66666603088379 7.105427357601002e-15 -16.66666603088379 -50 7.105427357601002e-15 -16.66666603088379 212 212 212
t -50 33.33333206176758 16.66666603088379 -50 7.105427357601002e-15 16.66666603088379 -16.66666603088379 33.33333206176758 16.66666603088379 212 212 212
t -50 7.105427357601002e-15 16.66666603088379 -16.66666603088379 7.105427357601002e-15 16.66666603088379 -16.66666603088379 33.33333206176758 16.66666603088379 212 212 212
t -50 7.105427357601002e-15 -16.66666603088379 -83.33333587646484 7.105427357601002e-15 16.66666603088379 -83.33333587646484 7.105427357601002e-15 -16.66666603088379 212 212 212
t -50 7.105427357601002e-15 -16.66666603088379 -50 7.105427357601002e-15 16.66666603088379 -83.33333587646484 7.105427357601002e-15 16.66666603088379 212 212 212
t -50 33.33333206176758 -16.66666603088379 -83.33333587646484 7.105427357601002e-15 -16.66666603088379 -83.33333587646484 33.33333206176758 -16.66666603088379 212 212 212
t -50 33.33333206176758 -16.66666603088379 -50 7.105427357601002e-15 -16.66666603088379 -83.33333587646484 7.105427357601002e-15 -16.66666603088379 212 212 212
t -83.33333587646484 33.33333206176758 16.66666603088379 -83.33333587646484 7.105427357601002e-15 16.66666603088379 -50 33.33333206176758 16.66666603088379 212 212 212
t -83.33333587646484 7.105427357601002e-15 16.66666603088379 -50 7.105427357601002e-15 16.66666603088379 -50 33.33333206176758 16.66666603088379 212 212 212
t -83.33333587646484 33.33333206176758 -16.66666603088379 -83.33333587646484 7.105427357601002e-15 -16.66666603088379 -83.33333587646484 33.33333206176758 16.66666603088379 212 212 212
t -83.33333587646484 7.105427357601002e-15 -16.66666603088379 -83.33333587646484 7.105427357601002e-15 16.66666603088379 -83.33333587646484 33.33333206176758 16.66666603088379 212 212 212
t 183.3333282470703 -33.33333206176758 -16.66666603088379 150 -33.33333206176758 16.66666603088379 150 -33.33333206176758 -16.66666603088379 63 99 166
t 183.3333282470703 -33.33333206176758 -16.66666603088379 183.3333282470703 -33.33333206176758 16.66666603088379 150 -33.33333206176758 16.66666603088379 63 99 166
t 183.3333282470703 0 -16.66666603088379 150 -33.33333206176758 -16.66666603088379 150 0 -16.66666603088379 63 99 166
t 183.3333282470703 0 -16.66666603088379 183.3333282470703 -33.33333206176758 -16.66666603088379 150 -33.33333206176758 -16.66666603088379 63 99 166
t 150 0 16.66666603088379 150 -33.33333206176758 16.66666603088379 183.3333282470703 0 16.66666603088379 63 99 166
t 150 -33.33333206176758 16.66666603088379 183.3333282470703 -33.33333206176758 16.66666603088379 183.3333282470703 0 16.66666603088379 63 99 166
t 183.3333282470703 0 16.66666603088379 183.3333282470703 -33.33333206176758 -16.66666603088379 183.3333282470703 0 -16.66666603088379 63 99 166
t 183.3333282470703 0 16.66666603088379 183.3333282470703 -33.33333206176758 16.66666603088379 183.3333282470703 -33.33333206176758 -16.66666603088379 63 99 166
t 150 0 -16.66666603088379 116.66666412353516 -33.33333206176758 -16.66666603088379 116.66666412353516 0 -16.66666603088379 63 99 166
t 150 0 -16.66666603088379 150 -33.33333206176758 -16.66666603088379 116.66666412353516 -33.33333206176758 -16.66666603088379 63 99 166
t 116.66666412353516 0 16.66666603088379 116.66666412353516 -33.33333206176758 16.66666603088379 150 0 16.66666603088379 63 99 166
t 116.66666412353516 -33.33333206176758 16.66666603088379 150 -33.33333206176758 16.66666603088379 150 0 16.66666603088379 63 99 166
t 83.33333587646484 0 -16.66666603088379 83.33333587646484 0 16.66666603088379 116.66666412353516 0 -16.66666603088379 212 212 212
t 83.33333587646484 0 16.66666603088379 116.66666412353516 0 16.66666603088379 116.66666412353516 0 -16.66666603088379 212 212 212
t 116.66666412353516 0 -16.66666603088379 83.33333587646484 -33.33333206176758 -16.66666603088379 83.33333587646484 0 -16.66666603088379 212 212 212
t 116.66666412353516 0 -16.66666603088379 116.66666412353516 -33.33333206176758 -16.66666603088379 83.33333587646484 -33.33333206176758 -16.66666603088379 212 212 212
t 83.33333587646484 0 16.66666603088379 83.33333587646484 -33.33333206176758 16.66666603088379 116.66666412353516 0 16.66666603088379 212 212 212
t 83.33333587646484 -33.33333206176758 16.66666603088379 116.66666412353516 -33.33333206176758 16.66666603088379 116.66666412353516 0 16.66666603088379 212 212 212
t 83.33333587646484 0 -16.66666603088379 50 -33.33333206176758 -16.66666603088379 50 0 -16.66666603088379 212 212 212
t 83.33333587646484 0 -16.66666603088379 83.33333587646484 -33.33333206176758 -16.66666603088379 50 -33.33333206176758 -16.66666603088379 212 212 212
t 50 0 16.66666603088379 50 -33.33333206176758 16.66666603088379 83.33333587646484 0 16.66666603088379 212 212 212
t 50 -33.33333206176758 16.66666603088379 83.33333587646484 -33.33333206176758 16.66666603088379 83.33333587646484 0 16.66666603088379 212 212 212
t 50 0 -16.66666603088379 16.66666603088379 -33.33333206176758 -16.66666603088379 16.66666603088379 0 -16.66666603088379 112 112 112
t 50 0 -16.66666603088379 50 -33.33333206176758 -16.66666603088379 16.66666603088379 -33.33333206176758 -16.66666603088379 112 112 112
t 16.66666603088379 0 16.66666603088379 16.66666603088379 -33.33333206176758 16.66666603088379 50 0 16.66666603088379 112 112 112
t 16.66666603088379 -33.33333206176758 16.66666603088379 50 -33.33333206176758 16.66666603088379 50 0 16.66666603088379 112 112 112
t 16.66666603088379 0 -16.66666603088379 -16.66666603088379 -33.33333206176758 -16.66666603088379 -16.66666603088379 0 -16.66666603088379 212 212 212
t 16.66666603088379 0 -16.66666603088379 16.66666603088379 -33.33333206176758 -16.66666603088379 -16.66666603088379 -33.33333206176758 -16.66666603088379 212 212 212
t -16.66666603088379 0 16.66666603088379 -16.66666603088379 -33.33333206176758 16.66666603088379 16.66666603088379 0 16.66666603088379 212 212 212
t -16.66666603088379 -33.33333206176758 16.66666603088379 16.66666603088379 -33.33333206176758 16.66666603088379 16.66666603088379 0 16.66666603088379 212 212 212
t -16.66666603088379 -33.33333206176758 -16.66666603088379 -50 -33.33333206176758 16.66666603088379 -50 -33.33333206176758 -16.66666603088379 212 212 212
t -16.66666603088379 -33.33333206176758 -16.66666603088379 -16.66666603088379 -33.33333206176758 16.66666603088379 -50 -33.33333206176758 16.66666603088379 212 212 212
t -16.66666603088379 0 -16.66666603088379 -50 -33.33333206176758 -16.66666603088379 -50 0 -16.66666603088379 212 212 212
t -16.66666603088379 0 -16.66666603088379 -16.66666603088379 -33.33333206176758 -16.66666603088379 -50 -33.33333206176758 -16.66666603088379 212 212 212
t -50 0 16.66666603088379 -50 -33.33333206176758 16.66666603088379 -16.66666603088379 0 16.66666603088379 212 212 212
t -50 -33.33333206176758 16.66666603088379 -16.66666603088379 -33.33333206176758 16.66666603088379 -16.66666603088379 0 16.66666603088379 212 212 212
t -50 0 -16.66666603088379 -50 -33.33333206176758 -16.66666603088379 -50 0 16.66666603088379 212 212 212
t -50 -33.33333206176758 -16.66666603088379 -50 -33.33333206176758 16.66666603088379 -50 0 16.66666603088379 212 212 212
t 150 -33.33333206176758 -16.66666603088379 116.66666412353516 -66.66666412353516 -16.66666603088379 116.66666412353516 -33.33333206176758 -16.66666603088379 63 99 166
t 150 -33.33333206176758 -16.66666603088379 150 -66.66666412353516 -16.66666603088379 116.66666412353516 -66.66666412353516 -16.66666603088379 63 99 166
t 116.66666412353516 -33.33333206176758 16.66666603088379 116.66666412353516 -66.66666412353516 16.66666603088379 150 -33.33333206176758 16.66666603088379 63 99 166
t 116.66666412353516 -66.66666412353516 16.66666603088379 150 -66.66666412353516 16.66666603088379 150 -33.33333206176758 16.66666603088379 63 99 166
t 150 -33.33333206176758 16.66666603088379 150 -66.66666412353516 -16.66666603088379 150 -33.33333206176758 -16.66666603088379 63 99 166
t 150 -33.33333206176758 16.66666603088379 150 -66.66666412353516 16.66666603088379 150 -66.66666412353516 -16.66666603088379 63 99 166
t 116.66666412353516 -33.33333206176758 -16.66666603088379 83.33333587646484 -66.66666412353516 -16.66666603088379 83.33333587646484 -33.33333206176758 -16.66666603088379 63 99 166
t 116.66666412353516 -33.33333206176758 -16.66666603088379 116.66666412353516 -66.66666412353516 -16.66666603088379 83.33333587646484 -66.66666412353516 -16.66666603088379 63 99 166
t 83.33333587646484 -33.33333206176758 16.66666603088379 83.33333587646484 -66.66666412353516 16.66666603088379 116.66666412353516 -33.33333206176758 16.66666603088379 63 99 166
t 83.33333587646484 -66.66666412353516 16.66666603088379 116.66666412353516 -66.66666412353516 16.66666603088379 116.66666412353516 -33.33333206176758 16.66666603088379 63 99 166
t 83.33333587646484 -33.33333206176758 -16.66666603088379 50 -66.66666412353516 -16.66666603088379 50 -33.33333206176758 -16.66666603088379 112 112 112
t 83.33333587646484 -33.33333206176758 -16.66666603088379 83.33333587646484 -66.66666412353516 -16.66666603088379 50 -66.66666412353516 -16.66666603088379 112 112 112
t 50 -33.33333206176758 16.66666603088379 50 -66.66666412353516 16.66666603088379 83.33333587646484 -33.33333206176758 16.66666603088379 112 112 112
t 50 -66.66666412353516 16.66666603088379 83.33333587646484 -66.66666412353516 16.66666603088379 83.33333587646484 -33.33333206176758 16.66666603088379 112 112 112
t 50 -33.33333206176758 -16.66666603088379 16.66666603088379 -66.66666412353516 -16.66666603088379 16.66666603088379 -33.33333206176758 -16.66666603088379 212 212 212
t 50 -33.33333206176758 -16.66666603088379 50 -66.66666412353516 -16.66666603088379 16.66666603088379 -66.66666412353516 -16.66666603088379 212 212 212
t 16.66666603088379 -33.33333206176758 16.66666603088379 16.66666603088379 -66.66666412353516 16.66666603088379 50 -33.33333206176758 16.66666603088379 212 212 212
t 16.66666603088379 -66.66666412353516 16.66666603088379 50 -66.66666412353516 16.66666603088379 50 -33.33333206176758 16.66666603088379 212 212 212
t 16.66666603088379 -66.66666412353516 -16.66666603088379 -16.66666603088379 -66.66666412353516 16.66666603088379 -16.66666603088379 -66.66666412353516 -16.66666603088379 212 212 212
t 16.66666603088379 -66.66666412353516 -16.66666603088379 16.66666603088379 -66.66666412353516 16.66666603088379 -16.66666603088379 -66.66666412353516 16.66666603088379 212 212 212
t 16.66666603088379 -33.33333206176758 -16.66666603088379 -16.66666603088379 -66.66666412353516 -16.66666603088379 -16.66666603088379 -33.33333206176758 -16.66666603088379 212 212 212
t 16.66666603088379 -33.33333206176758 -16.66666603088379 16.66666603088379 -66.66666412353516 -16.66666603088379 -16.66666603088379 -66.66666412353516 -16.66666603088379 212 212 212
t -16.66666603088379 -33.33333206176758 16.66666603088379 -16.66666603088379 -66.66666412353516 16.66666603088379 16.66666603088379 -33.33333206176758 16.66666603088379 212 212 212
t -16.66666603088379 -66.66666412353516 16.66666603088379 16.66666603088379 -66.66666412353516 16.66666603088379 16.66666603088379 -33.33333206176758 16.66666603088379 212 212 212
t -16.66666603088379 -33.33333206176758 -16.66666603088379 -16.66666603088379 -66.66666412353516 -16.66666603088379 -16.66666603088379 -33.33333206176758 16.66666603088379 212 212 212
t -16.66666603088379 -66.66666412353516 -16.66666603088379 -16.66666603088379 -66.66666412353516 16.66666603088379 -16.66666603088379 -33.33333206176758 16.66666603088379 212 212 212
t 150 -66.66666412353516 -16.66666603088379 116.66666412353516 -100 -16.66666603088379 116.66666412353516 -66.66666412353516 -16.66666603088379 81 168 155
t 150 -66.66666412353516 -16.66666603088379 150 -100 -16.66666603088379 116.66666412353516 -100 -16.66666603088379 81 168 155
t 116.66666412353516 -66.66666412353516 16.66666603088379 116.66666412353516 -100 16.66666603088379 150 -66.66666412353516 16.66666603088379 81 168 155
t 116.66666412353516 -100 16.66666603088379 150 -100 16.66666603088379 150 -66.66666412353516 16.66666603088379 81 168 155
t 150 -66.66666412353516 16.66666603088379 150 -100 -16.66666603088379 150 -66.66666412353516 -16.66666603088379 81 168 155
t 150 -66.66666412353516 16.66666603088379 150 -100 16.66666603088379 150 -100 -16.66666603088379 81 168 155
t 116.66666412353516 -66.66666412353516 -16.66666603088379 83.33333587646484 -100 -16.66666603088379 83.33333587646484 -66.66666412353516 -16.66666603088379 81 168 155
t 116.66666412353516 -66.66666412353516 -16.66666603088379 116.66666412353516 -100 -16.66666603088379 83.33333587646484 -100 -16.66666603088379 81 168 155
t 83.33333587646484 -66.66666412353516 16.66666603088379 83.33333587646484 -100 16.66666603088379 116.66666412353516 -66.66666412353516 16.66666603088379 81 168 155
t 83.33333587646484 -100 16.66666603088379 116.66666412353516 -100 16.66666603088379 116.66666412353516 -66.66666412353516 16.66666603088379 81 168 155
t 83.33333587646484 -66.66666412353516 -16.66666603088379 50 -100 -16.66666603088379 50 -66.66666412353516 -16.66666603088379 63 99 166
t 83.33333587646484 -66.66666412353516 -16.66666603088379 83.33333587646484 -100 -16.66666603088379 50 -100 -16.66666603088379 63 99 166
t 50 -66.66666412353516 16.66666603088379 50 -100 16.66666603088379 83.33333587646484 -66.66666412353516 16.66666603088379 63 99 166
t 50 -100 16.66666603088379 83.33333587646484 -100 16.66666603088379 83.33333587646484 -66.66666412353516 16.66666603088379 63 99 166
t 50 -66.66666412353516 -16.66666603088379 16.66666603088379 -100 -16.66666603088379 16.66666603088379 -66.66666412353516 -16.66666603088379 212 212 212
t 50 -66.66666412353516 -16.66666603088379 50 -100 -16.66666603088379 16.66666603088379 -100 -16.66666603088379 212 212 212
t 16.66666603088379 -66.66666412353516 16.66666603088379 16.66666603088379 -100 16.66666603088379 50 -66.66666412353516 16.66666603088379 212 212 212
t 16.66666603088379 -100 16.66666603088379 50 -100 16.66666603088379 50 -66.66666412353516 16.66666603088379 212 212 212
t 16.66666603088379 -66.66666412353516 -16.66666603088379 16.66666603088379 -100 -16.66666603088379 16.66666603088379 -66.66666412353516 16.66666603088379 212 212 212
t 16.66666603088379 -100 -16.66666603088379 16.66666603088379 -100 16.66666603088379 16.66666603088379 -66.66666412353516 16.66666603088379 212 212 212
t 150 -100 -16.66666603088379 150 -100 16.66666603088379 183.3333282470703 -100 -16.66666603088379 63 99 166
t 150 -100 16.66666603088379 183.3333282470703 -100 16.66666603088379 183.3333282470703 -100 -16.66666603088379 63 99 166
t 183.3333282470703 -100 -16.66666603088379 150 -133.3333282470703 -16.66666603088379 150 -100 -16.66666603088379 63 99 166
t 183.3333282470703 -100 -16.66666603088379 183.3333282470703 -133.3333282470703 -16.66666603088379 150 -133.3333282470703 -16.66666603088379 63 99 166
t 150 -100 16.66666603088379 150 -133.3333282470703 16.66666603088379 183.3333282470703 -100 16.66666603088379 63 99 166
t 150 -133.3333282470703 16.66666603088379 183.3333282470703 -133.3333282470703 16.66666603088379 183.3333282470703 -100 16.66666603088379 63 99 166
t 183.3333282470703 -100 16.66666603088379 183.3333282470703 -133.3333282470703 -16.66666603088379 183.3333282470703 -100 -16.66666603088379 63 99 166
t 183.3333282470703 -100 16.66666603088379 183.3333282470703 -133.3333282470703 16.66666603088379 183.3333282470703 -133.3333282470703 -16.66666603088379 63 99 166
t 150 -100 -16.66666603088379 116.66666412353516 -133.3333282470703 -16.66666603088379 116.66666412353516 -100 -16.66666603088379 63 99 166
t 150 -100 -16.66666603088379 150 -133.3333282470703 -16.66666603088379 116.66666412353516 -133.3333282470703 -16.66666603088379 63 99 166
t 116.66666412353516 -100 16.66666603088379 116.66666412353516 -133.3333282470703 16.66666603088379 150 -100 16.66666603088379 63 99 166
t 116.66666412353516 -133.3333282470703 16.66666603088379 150 -133.3333282470703 16.66666603088379 150 -100 16.66666603088379 63 99 166
t 116.66666412353516 -133.3333282470703 -16.66666603088379 83.33333587646484 -133.3333282470703 16.66666603088379 83.33333587646484 -133.3333282470703 -16.66666603088379 81 168 155
t 116.66666412353516 -133.3333282470703 -16.66666603088379 116.66666412353516 -133.3333282470703 16.66666603088379 83.33333587646484 -133.3333282470703 16.66666603088379 81 168 155
t 116.66666412353516 -100 -16.66666603088379 83.33333587646484 -133.3333282470703 -16.66666603088379 83.33333587646484 -100 -16.66666603088379 81 168 155
t 116.66666412353516 -100 -16.66666603088379 116.66666412353516 -133.3333282470703 -16.66666603088379 83.33333587646484 -133.3333282470703 -16.66666603088379 81 168 155
t 83.33333587646484 -100 16.66666603088379 83.33333587646484 -133.3333282470703 16.66666603088379 116.66666412353516 -100 16.66666603088379 81 168 155
t 83.33333587646484 -133.3333282470703 16.66666603088379 116.66666412353516 -133.3333282470703 16.66666603088379 116.66666412353516 -100 16.66666603088379 81 168 155
t 83.33333587646484 -133.3333282470703 -16.66666603088379 50 -133.3333282470703 16.66666603088379 50 -133.3333282470703 -16.66666603088379 63 99 166
t 83.33333587646484 -133.3333282470703 -16.66666603088379 83.33333587646484 -133.3333282470703 16.66666603088379 50 -133.3333282470703 16.66666603088379 63 99 166
t 83.33333587646484 -100 -16.66666603088379 50 -133.3333282470703 -16.66666603088379 50 -100 -16.66666603088379 63 99 166
t 83.33333587646484 -100 -16.66666603088379 83.33333587646484 -133.3333282470703 -16.66666603088379 50 -133.3333282470703 -16.66666603088379 63 99 166
t 50 -100 16.66666603088379 50 -133.3333282470703 16.66666603088379 83.33333587646484 -100 16.66666603088379 63 99 166
t 50 -133.3333282470703 16.66666603088379 83.33333587646484 -133.3333282470703 16.66666603088379 83.33333587646484 -100 16.66666603088379 63 99 166
t 50 -100 -16.66666603088379 16.66666603088379 -133.3333282470703 -16.66666603088379 16.66666603088379 -100 -16.66666603088379 63 99 166
t 50 -100 -16.66666603088379 50 -133.3333282470703 -16.66666603088379 16.66666603088379 -133.3333282470703 -16.66666603088379 63 99 166
t 16.66666603088379 -100 16.66666603088379 16.66666603088379 -133.3333282470703 16.66666603088379 50 -100 16.66666603088379 63 99 166
t 16.66666603088379 -133.3333282470703 16.66666603088379 50 -133.3333282470703 16.66666603088379 50 -100 16.66666603088379 63 99 166
t -16.66666603088379 -100 -16.66666603088379 -16.66666603088379 -100 16.66666603088379 16.66666603088379 -100 -16.66666603088379 63 99 166
t -16.66666603088379 -100 16.66666603088379 16.66666603088379 -100 16.66666603088379 16.66666603088379 -100 -16.66666603088379 63 99 166
t 16.66666603088379 -100 -16.66666603088379 -16.66666603088379 -133.3333282470703 -16.66666603088379 -16.66666603088379 -100 -16.66666603088379 63 99 166
t 16.66666603088379 -100 -16.66666603088379 16.66666603088379 -133.3333282470703 -16.66666603088379 -16.66666603088379 -133.3333282470703 -16.66666603088379 63 99 166
t -16.66666603088379 -100 16.66666603088379 -16.66666603088379 -133.3333282470703 16.66666603088379 16.66666603088379 -100 16.66666603088379 63 99 166
t -16.66666603088379 -133.3333282470703 16.66666603088379 16.66666603088379 -133.3333282470703 16.66666603088379 16.66666603088379 -100 16.66666603088379 63 99 166
t -16.66666603088379 -100 -16.66666603088379 -16.66666603088379 -133.3333282470703 -16.66666603088379 -16.66666603088379 -100 16.66666603088379 63 99 166
t -16.66666603088379 -133.3333282470703 -16.66666603088379 -16.66666603088379 -133.3333282470703 16.66666603088379 -16.66666603088379 -100 16.66666603088379 63 99 166
t 183.3333282470703 -133.3333282470703 -16.66666603088379 183.3333282470703 -133.3333282470703 16.66666603088379 216.6666717529297 -133.3333282470703 -16.66666603088379 63 99 166
t 183.3333282470703 -133.3333282470703 16.66666603088379 216.6666717529297 -133.3333282470703 16.66666603088379 216.6666717529297 -133.3333282470703 -16.66666603088379 63 99 166
t 216.6666717529297 -133.3333282470703 -16.66666603088379 183.3333282470703 -166.6666717529297 -16.66666603088379 183.3333282470703 -133.3333282470703 -16.66666603088379 63 99 166
t 216.6666717529297 -133.3333282470703 -16.66666603088379 216.6666717529297 -166.6666717529297 -16.66666603088379 183.3333282470703 -166.6666717529297 -16.66666603088379 63 99 166
t 183.3333282470703 -133.3333282470703 16.66666603088379 183.3333282470703 -166.6666717529297 16.66666603088379 216.6666717529297 -133.3333282470703 16.66666603088379 63 99 166
t 183.3333282470703 -166.6666717529297 16.66666603088379 216.6666717529297 -166.6666717529297 16.66666603088379 216.6666717529297 -133.3333282470703 16.66666603088379 63 99 166
t 216.6666717529297 -133.3333282470703 16.66666603088379 216.6666717529297 -166.6666717529297 -16.66666603088379 216.6666717529297 -133.3333282470703 -16.66666603088379 63 99 166
t 216.6666717529297 -133.3333282470703 16.66666603088379 216.6666717529297 -166.6666717529297 16.66666603088379 216.6666717529297 -166.6666717529297 -16.66666603088379 63 99 166
t 183.3333282470703 -133.3333282470703 -16.66666603088379 150 -166.6666717529297 -16.66666603088379 150 -133.3333282470703 -16.66666603088379 81 168 155
t 183.3333282470703 -133.3333282470703 -16.66666603088379 183.3333282470703 -166.6666717529297 -16.66666603088379 150 -166.6666717529297 -16.66666603088379 81 168 155
t 150 -133.3333282470703 16.66666603088379 150 -166.6666717529297 16.66666603088379 183.3333282470703 -133.3333282470703 16.66666603088379 81 168 155
t 150 -166.6666717529297 16.66666603088379 183.3333282470703 -166.6666717529297 16.66666603088379 183.3333282470703 -133.3333282470703 16.66666603088379 81 168 155
t 150 -166.6666717529297 -16.66666603088379 116.66666412353516 -166.6666717529297 16.66666603088379 116.66666412353516 -166.6666717529297 -16.66666603088379 63 99 166
t 150 -166.6666717529297 -16.66666603088379 150 -166.6666717529297 16.66666603088379 116.66666412353516 -166.6666717529297 16.66666603088379 63 99 166
t 150 -133.3333282470703 -16.66666603088379 116.66666412353516 -166.6666717529297 -16.66666603088379 116.66666412353516 -133.3333282470703 -16.66666603088379 63 99 166
t 150 -133.3333282470703 -16.66666603088379 150 -166.6666717529297 -16.66666603088379 116.66666412353516 -166.6666717529297 -16.66666603088379 63 99 166
t 116.66666412353516 -133.3333282470703 16.66666603088379 116.66666412353516 -166.6666717529297 16.66666603088379 150 -133.3333282470703 16.66666603088379 63 99 166
t 116.66666412353516 -166.6666717529297 16.66666603088379 150 -166.6666717529297 16.66666603088379 150 -133.3333282470703 16.66666603088379 63 99 166
t 116.66666412353516 -133.3333282470703 -16.66666603088379 116.66666412353516 -166.6666717529297 -16.66666603088379 116.66666412353516 -133.3333282470703 16.66666603088379 63 99 166
t 116.66666412353516 -166.6666717529297 -16.66666603088379 116.66666412353516 -166.6666717529297 16.66666603088379 116.66666412353516 -133.3333282470703 16.66666603088379 63 99 166
t 50 -166.6666717529297 -16.66666603088379 16.66666603088379 -166.6666717529297 16.66666603088379 16.66666603088379 -166.6666717529297 -16.66666603088379 63 99 166
t 50 -166.6666717529297 -16.66666603088379 50 -166.6666717529297 16.66666603088379 16.66666603088379 -166.6666717529297 16.66666603088379 63 99 166
t 50 -133.3333282470703 -16.66666603088379 16.66666603088379 -166.6666717529297 -16.66666603088379 16.66666603088379 -133.3333282470703 -16.66666603088379 63 99 166
t 50 -133.3333282470703 -16.66666603088379 50 -166.6666717529297 -16.66666603088379 16.66666603088379 -166.6666717529297 -16.66666603088379 63 99 166
t 16.66666603088379 -133.3333282470703 16.66666603088379 16.66666603088379 -166.6666717529297 16.66666603088379 50 -133.3333282470703 16.66666603088379 63 99 166
t 16.66666603088379 -166.6666717529297 16.66666603088379 50 -166.6666717529297 16.66666603088379 50 -133.3333282470703 16.66666603088379 63 99 166
t 50 -133.3333282470703 16.66666603088379 50 -166.6666717529297 -16.66666603088379 50 -133.3333282470703 -16.66666603088379 63 99 166
t 50 -133.3333282470703 16.66666603088379 50 -166.6666717529297 16.66666603088379 50 -166.6666717529297 -16.66666603088379 63 99 166
t 16.66666603088379 -166.6666717529297 -16.66666603088379 -16.66666603088379 -166.6666717529297 16.66666603088379 -16.66666603088379 -166.6666717529297 -16.66666603088379 81 168 155
t 16.66666603088379 -166.6666717529297 -16.66666603088379 16.66666603088379 -166.6666717529297 16.66666603088379 -16.66666603088379 -166.6666717529297 16.66666603088379 81 168 155
t 16.66666603088379 -133.3333282470703 -16.66666603088379 -16.66666603088379 -166.6666717529297 -16.66666603088379 -16.66666603088379 -133.3333282470703 -16.66666603088379 81 168 155
t 16.66666603088379 -133.3333282470703 -16.66666603088379 16.66666603088379 -166.6666717529297 -16.66666603088379 -16.66666603088379 -166.6666717529297 -16.66666603088379 81 168 155
t -16.66666603088379 -133.3333282470703 16.66666603088379 -16.66666603088379 -166.6666717529297 16.66666603088379 16.66666603088379 -133.3333282470703 16.66666603088379 81 168 155
t -16.66666603088379 -166.6666717529297 16.66666603088379 16.66666603088379 -166.6666717529297 16.66666603088379 16.66666603088379 -133.3333282470703 16.66666603088379 81 168 155
t -16.66666603088379 -133.3333282470703 -16.66666603088379 -16.66666603088379 -166.6666717529297 -16.66666603088379 -16.66666603088379 -133.3333282470703 16.66666603088379 81 168 155
t -16.66666603088379 -166.6666717529297 -16.66666603088379 -16.66666603088379 -166.6666717529297 16.66666603088379 -16.66666603088379 -133.3333282470703 16.66666603088379 81 168 155
t 216.6666717529297 -166.6666717529297 -16.66666603088379 216.6666717529297 -166.6666717529297 16.66666603088379 250 -166.6666717529297 -16.66666603088379 63 99 166
t 216.6666717529297 -166.6666717529297 16.66666603088379 250 -166.6666717529297 16.66666603088379 250 -166.6666717529297 -16.66666603088379 63 99 166
t 250 -166.6666717529297 -16.66666603088379 216.6666717529297 -200 -16.66666603088379 216.6666717529297 -166.6666717529297 -16.66666603088379 63 99 166
t 250 -166.6666717529297 -16.66666603088379 250 -200 -16.66666603088379 216.6666717529297 -200 -16.66666603088379 63 99 166
t 216.6666717529297 -166.6666717529297 16.66666603088379 216.6666717529297 -200 16.66666603088379 250 -166.6666717529297 16.66666603088379 63 99 166
t 216.6666717529297 -200 16.66666603088379 250 -200 16.66666603088379 250 -166.6666717529297 16.66666603088379 63 99 166
t 250 -166.6666717529297 16.66666603088379 250 -200 -16.66666603088379 250 -166.6666717529297 -16.66666603088379 63 99 166
t 250 -166.6666717529297 16.66666603088379 250 -200 16.66666603088379 250 -200 -16.66666603088379 63 99 166
t 216.6666717529297 -166.6666717529297 -16.66666603088379 183.3333282470703 -200 -16.66666603088379 183.3333282470703 -166.6666717529297 -16.66666603088379 81 168 155
t 216.6666717529297 -166.6666717529297 -16.66666603088379 216.6666717529297 -200 -16.66666603088379 183.3333282470703 -200 -16.66666603088379 81 168 155
t 183.3333282470703 -166.6666717529297 16.66666603088379 183.3333282470703 -200 16.66666603088379 216.6666717529297 -166.6666717529297 16.66666603088379 81 168 155
t 183.3333282470703 -200 16.66666603088379 216.6666717529297 -200 16.66666603088379 216.6666717529297 -166.6666717529297 16.66666603088379 81 168 155
t 183.3333282470703 -200 -16.66666603088379 150 -200 16.66666603088379 150 -200 -16.66666603088379 63 99 166
t 183.3333282470703 -200 -16.66666603088379 183.3333282470703 -200 16.66666603088379 150 -200 16.66666603088379 63 99 166
t 183.3333282470703 -166.6666717529297 -16.66666603088379 150 -200 -16.66666603088379 150 -166.6666717529297 -16.66666603088379 63 99 166
t 183.3333282470703 -166.6666717529297 -16.66666603088379 183.3333282470703 -200 -16.66666603088379 150 -200 -16.66666603088379 63 99 166
t 150 -166.6666717529297 16.66666603088379 150 -200 16.66666603088379 183.3333282470703 -166.6666717529297 16.66666603088379 63 99 166
t 150 -200 16.66666603088379 183.3333282470703 -200 16.66666603088379 183.3333282470703 -166.6666717529297 16.66666603088379 63 99 166
t 150 -166.6666717529297 -16.66666603088379 150 -200 -16.66666603088379 150 -166.6666717529297 16.66666603088379 63 99 166
t 150 -200 -16.66666603088379 150 -200 16.66666603088379 150 -166.6666717529297 16.66666603088379 63 99 166
t 250 -233.3333282470703 -16.66666603088379 216.6666717529297 -233.3333282470703 16.66666603088379 216.6666717529297 -233.3333282470703 -16.66666603088379 63 99 166
t 250 -233.3333282470703 -16.66666603088379 250 -233.3333282470703 16.66666603088379 216.6666717529297 -233.3333282470703 16.66666603088379 63 99 166
t 250 -200 -16.66666603088379 216.6666717529297 -233.3333282470703 -16.66666603088379 216.6666717529297 -200 -16.66666603088379 63 99 166
t 250 -200 -16.66666603088379 250 -233.3333282470703 -16.66666603088379 216.6666717529297 -233.3333282470703 -16.66666603088379 63 99 166
t 216.6666717529297 -200 16.66666603088379 216.6666717529297 -233.3333282470703 16.66666603088379 250 -200 16.66666603088379 63 99 166
t 216.6666717529297 -233.3333282470703 16.66666603088379 250 -233.3333282470703 16.66666603088379 250 -200 16.66666603088379 63 99 166
t 250 -200 16.66666603088379 250 -233.3333282470703 -16.66666603088379 250 -200 -16.66666603088379 63 99 166
t 250 -200 16.66666603088379 250 -233.3333282470703 16.66666603088379 250 -233.3333282470703 -16.66666603088379 63 99 166
t 216.6666717529297 -233.3333282470703 -16.66666603088379 183.3333282470703 -233.3333282470703 16.66666603088379 183.3333282470703 -233.3333282470703 -16.66666603088379 63 99 166
t 216.6666717529297 -233.3333282470703 -16.66666603088379 216.6666717529297 -233.3333282470703 16.66666603088379 183.3333282470703 -233.3333282470703 16.66666603088379 63 99 166
t 216.6666717529297 -200 -16.66666603088379 183.3333282470703 -233.3333282470703 -16.66666603088379 183.3333282470703 -200 -16.66666603088379 63 99 166
t 216.6666717529297 -200 -16.66666603088379 216.6666717529297 -233.3333282470703 -16.66666603088379 183.3333282470703 -233.3333282470703 -16.66666603088379 63 99 166
t 183.3333282470703 -200 16.66666603088379 183.3333282470703 -233.3333282470703 16.66666603088379 216.6666717529297 -200 16.66666603088379 63 99 166
t 183.3333282470703 -233.3333282470703 16.66666603088379 216.6666717529297 -233.3333282470703 16.66666603088379 216.6666717529297 -200 16.66666603088379 63 99 166
t 183.3333282470703 -200 -16.66666603088379 183.3333282470703 -233.3333282470703 -16.66666603088379 183.3333282470703 -200 16.66666603088379 63 99 166
t 183.3333282470703 -233.3333282470703 -16.66666603088379 183.3333282470703 -233.3333282470703 16.66666603088379 183.3333282470703 -200 16.66666603088379 63 99 166