# MiniMesh v0.1
t -27.77777862548828 111.11111450195312 -83.33333587646484 -27.77777862548828 111.11111450195312 -27.77777862548828 27.77777862548828 111.11111450195312 -83.33333587646484 0 133 0
t -27.77777862548828 111.11111450195312 -27.77777862548828 27.77777862548828 111.11111450195312 -27.77777862548828 27.77777862548828 111.11111450195312 -83.33333587646484 0 133 0
t 27.77777862548828 111.11111450195312 -83.33333587646484 -27.77777862548828 55.55555725097656 -83.33333587646484 -27.77777862548828 111.11111450195312 -83.33333587646484 0 133 0
t 27.77777862548828 111.11111450195312 -83.33333587646484 27.77777862548828 55.55555725097656 -83.33333587646484 -27.77777862548828 55.55555725097656 -83.33333587646484 0 133 0
t -27.77777862548828 111.11111450195312 -83.33333587646484 -27.77777862548828 55.55555725097656 -83.33333587646484 -27.77777862548828 111.11111450195312 -27.77777862548828 0 133 0
t -27.77777862548828 55.55555725097656 -83.33333587646484 -27.77777862548828 55.55555725097656 -27.77777862548828 -27.77777862548828 111.11111450195312 -27.77777862548828 0 133 0
t 27.77777862548828 111.11111450195312 -27.77777862548828 27.77777862548828 55.55555725097656 -83.33333587646484 27.77777862548828 111.11111450195312 -83.33333587646484 0 133 0
t 27.77777862548828 111.11111450195312 -27.77777862548828 27.77777862548828 55.55555725097656 -27.77777862548828 27.77777862548828 55.55555725097656 -83.33333587646484 0 133 0
t 27.77777862548828 55.55555725097656 -83.33333587646484 27.77777862548828 55.55555725097656 -27.77777862548828 83.33333587646484 55.55555725097656 -83.33333587646484 0 133 0
t 27.77777862548828 55.55555725097656 -27.77777862548828 83.33333587646484 55.55555725097656 -27.77777862548828 83.33333587646484 55.55555725097656 -83.33333587646484 0 133 0
t 83.33333587646484 -1.4210854715202004e-14 -83.33333587646484 27.77777862548828 -1.4210854715202004e-14 -27.77777862548828 27.77777862548828 -1.4210854715202004e-14 -83.33333587646484 0 133 0
t 83.33333587646484 -1.4210854715202004e-14 -83.33333587646484 83.33333587646484 -1.4210854715202004e-14 -27.77777862548828 27.77777862548828 -1.4210854715202004e-14 -27.77777862548828 0 133 0
t 83.33333587646484 55.55555725097656 -83.33333587646484 27.77777862548828 -1.4210854715202004e-14 -83.33333587646484 27.77777862548828 55.55555725097656 -83.33333587646484 0 133 0
t 83.33333587646484 55.55555725097656 -83.33333587646484 83.33333587646484 -1.4210854715202004e-14 -83.33333587646484 27.77777862548828 -1.4210854715202004e-14 -83.33333587646484 0 133 0
t 83.33333587646484 55.55555725097656 -27.77777862548828 83.33333587646484 -1.4210854715202004e-14 -83.33333587646484 83.33333587646484 55.55555725097656 -83.33333587646484 0 133 0
t 83.33333587646484 55.55555725097656 -27.77777862548828 83.33333587646484 -1.4210854715202004e-14 -27.77777862548828 83.33333587646484 -1.4210854715202004e-14 -83.33333587646484 0 133 0
t 27.77777862548828 55.55555725097656 -83.33333587646484 -27.77777862548828 -1.4210854715202004e-14 -83.33333587646484 -27.77777862548828 55.55555725097656 -83.33333587646484 0 133 0
t 27.77777862548828 55.55555725097656 -83.33333587646484 27.77777862548828 -1.4210854715202004e-14 -83.33333587646484 -27.77777862548828 -1.4210854715202004e-14 -83.33333587646484 0 133 0
t -83.33333587646484 55.55555725097656 -83.33333587646484 -83.33333587646484 55.55555725097656 -27.77777862548828 -27.77777862548828 55.55555725097656 -83.33333587646484 0 133 0
t -83.33333587646484 55.55555725097656 -27.77777862548828 -27.77777862548828 55.55555725097656 -27.77777862548828 -27.77777862548828 55.55555725097656 -83.33333587646484 0 133 0
t -27.77777862548828 -1.4210854715202004e-14 -83.33333587646484 -83.33333587646484 -1.4210854715202004e-14 -27.77777862548828 -83.33333587646484 -1.4210854715202004e-14 -83.33333587646484 0 133 0
t -27.77777862548828 -1.4210854715202004e-14 -83.33333587646484 -27.77777862548828 -1.4210854715202004e-14 -27.77777862548828 -83.33333587646484 -1.4210854715202004e-14 -27.77777862548828 0 133 0
t -27.77777862548828 55.55555725097656 -83.33333587646484 -83.33333587646484 -1.4210854715202004e-14 -83.33333587646484 -83.33333587646484 55.55555725097656 -83.33333587646484 0 133 0
t -27.77777862548828 55.55555725097656 -83.33333587646484 -27.77777862548828 -1.4210854715202004e-14 -83.33333587646484 -83.33333587646484 -1.4210854715202004e-14 -83.33333587646484 0 133 0
t -83.33333587646484 55.55555725097656 -83.33333587646484 -83.33333587646484 -1.4210854715202004e-14 -83.33333587646484 -83.33333587646484 55.55555725097656 -27.77777862548828 0 133 0
t -83.33333587646484 -1.4210854715202004e-14 -83.33333587646484 -83.33333587646484 -1.4210854715202004e-14 -27.77777862548828 -83.33333587646484 55.55555725097656 -27.77777862548828 0 133 0
t 27.77777862548828 -55.55555725097656 -83.33333587646484 -27.77777862548828 -55.55555725097656 -27.77777862548828 -27.77777862548828 -55.55555725097656 -83.33333587646484 0 133 0
t 27.77777862548828 -55.55555725097656 -83.33333587646484 27.77777862548828 -55.55555725097656 -27.77777862548828 -27.77777862548828 -55.55555725097656 -27.77777862548828 0 133 0
t 27.77777862548828 0 -83.33333587646484 -27.77777862548828 -55.55555725097656 -83.33333587646484 -27.77777862548828 0 -83.33333587646484 0 133 0
t 27.77777862548828 0 -83.33333587646484 27.77777862548828 -55.55555725097656 -83.33333587646484 -27.77777862548828 -55.55555725097656 -83.33333587646484 0 133 0
t -27.77777862548828 0 -83.33333587646484 -27.77777862548828 -55.55555725097656 -83.33333587646484 -27.77777862548828 0 -27.77777862548828 0 133 0
t -27.77777862548828 -55.55555725097656 -83.33333587646484 -27.77777862548828 -55.55555725097656 -27.77777862548828 -27.77777862548828 0 -27.77777862548828 0 133 0
t 27.77777862548828 0 -27.77777862548828 27.77777862548828 -55.55555725097656 -83.33333587646484 27.77777862548828 0 -83.33333587646484 0 133 0
t 27.77777862548828 0 -27.77777862548828 27.77777862548828 -55.55555725097656 -27.77777862548828 27.77777862548828 -55.55555725097656 -83.33333587646484 0 133 0
t 27.77777862548828 111.11111450195312 -27.77777862548828 27.77777862548828 111.11111450195312 27.77777862548828 83.33333587646484 111.11111450195312 -27.77777862548828 0 133 0
t 27.77777862548828 111.11111450195312 27.77777862548828 83.33333587646484 111.11111450195312 27.77777862548828 83.33333587646484 111.11111450195312 -27.77777862548828 0 133 0
t 83.33333587646484 111.11111450195312 -27.77777862548828 27.77777862548828 55.55555725097656 -27.77777862548828 27.77777862548828 111.11111450195312 -27.77777862548828 0 133 0
t 83.33333587646484 111.11111450195312 -27.77777862548828 83.33333587646484 55.55555725097656 -27.77777862548828 27.77777862548828 55.55555725097656 -27.77777862548828 0 133 0
t 27.77777862548828 111.11111450195312 27.77777862548828 27.77777862548828 55.55555725097656 27.77777862548828 83.33333587646484 111.11111450195312 27.77777862548828 0 133 0
t 27.77777862548828 55.55555725097656 27.77777862548828 83.33333587646484 55.55555725097656 27.77777862548828 83.33333587646484 111.11111450195312 27.77777862548828 0 133 0
t 83.33333587646484 111.11111450195312 27.77777862548828 83.33333587646484 55.55555725097656 -27.77777862548828 83.33333587646484 111.11111450195312 -27.77777862548828 0 133 0
t 83.33333587646484 111.11111450195312 27.77777862548828 83.33333587646484 55.55555725097656 27.77777862548828 83.33333587646484 55.55555725097656 -27.77777862548828 0 133 0
t -27.77777862548828 111.11111450195312 -27.77777862548828 -27.77777862548828 111.11111450195312 27.77777862548828 27.77777862548828 111.11111450195312 -27.77777862548828 0 133 0
t -27.77777862548828 111.11111450195312 27.77777862548828 27.77777862548828 111.11111450195312 27.77777862548828 27.77777862548828 111.11111450195312 -27.77777862548828 0 133 0
t -83.33333587646484 111.11111450195312 -27.77777862548828 -83.33333587646484 111.11111450195312 27.77777862548828 -27.77777862548828 111.11111450195312 -27.77777862548828 0 133 0
t -83.33333587646484 111.11111450195312 27.77777862548828 -27.77777862548828 111.11111450195312 27.77777862548828 -27.77777862548828 111.11111450195312 -27.77777862548828 0 133 0
t -27.77777862548828 111.11111450195312 -27.77777862548828 -83.33333587646484 55.55555725097656 -27.77777862548828 -83.33333587646484 111.11111450195312 -27.77777862548828 0 133 0
t -27.77777862548828 111.11111450195312 -27.77777862548828 -27.77777862548828 55.55555725097656 -27.77777862548828 -83.33333587646484 55.55555725097656 -27.77777862548828 0 133 0
t -83.33333587646484 111.11111450195312 27.77777862548828 -83.33333587646484 55.55555725097656 27.77777862548828 -27.77777862548828 111.11111450195312 27.77777862548828 0 133 0
t -83.33333587646484 55.55555725097656 27.77777862548828 -27.77777862548828 55.55555725097656 27.77777862548828 -27.77777862548828 111.11111450195312 27.77777862548828 0 133 0
t -83.33333587646484 111.11111450195312 -27.77777862548828 -83.33333587646484 55.55555725097656 -27.77777862548828 -83.33333587646484 111.11111450195312 27.77777862548828 0 133 0
t -83.33333587646484 55.55555725097656 -27.77777862548828 -83.33333587646484 55.55555725097656 27.77777862548828 -83.33333587646484 111.11111450195312 27.77777862548828 0 133 0
t 83.33333587646484 55.55555725097656 27.77777862548828 83.33333587646484 -1.4210854715202004e-14 -27.77777862548828 83.33333587646484 55.55555725097656 -27.77777862548828 0 133 0
t 83.33333587646484 55.55555725097656 27.77777862548828 83.33333587646484 -1.4210854715202004e-14 27.77777862548828 83.33333587646484 -1.4210854715202004e-14 -27.77777862548828 0 133 0
t -83.33333587646484 55.55555725097656 -27.77777862548828 -83.33333587646484 -1.4210854715202004e-14 -27.77777862548828 -83.33333587646484 55.55555725097656 27.77777862548828 0 133 0
t -83.33333587646484 -1.4210854715202004e-14 -27.77777862548828 -83.33333587646484 -1.4210854715202004e-14 27.77777862548828 -83.33333587646484 55.55555725097656 27.77777862548828 0 133 0
t 83.33333587646484 -55.55555725097656 -27.77777862548828 27.77777862548828 -55.55555725097656 27.77777862548828 27.77777862548828 -55.55555725097656 -27.77777862548828 0 133 0
t 83.33333587646484 -55.55555725097656 -27.77777862548828 83.33333587646484 -55.55555725097656 27.77777862548828 27.77777862548828 -55.55555725097656 27.77777862548828 0 133 0
t 83.33333587646484 0 -27.77777862548828 27.77777862548828 -55.55555725097656 -27.77777862548828 27.77777862548828 0 -27.77777862548828 0 133 0
t 83.33333587646484 0 -27.77777862548828 83.33333587646484 -55.55555725097656 -27.77777862548828 27.77777862548828 -55.55555725097656 -27.77777862548828 0 133 0
t 27.77777862548828 0 27.77777862548828 27.77777862548828 -55.55555725097656 27.77777862548828 83.33333587646484 0 27.77777862548828 0 133 0
t 27.77777862548828 -55.55555725097656 27.77777862548828 83.33333587646484 -55.55555725097656 27.77777862548828 83.33333587646484 0 27.77777862548828 0 133 0
t 83.33333587646484 0 27.77777862548828 83.33333587646484 -55.55555725097656 -27.77777862548828 83.33333587646484 0 -27.77777862548828 0 133 0
t 83.33333587646484 0 27.77777862548828 83.33333587646484 -55.55555725097656 27.77777862548828 83.33333587646484 -55.55555725097656 -27.77777862548828 0 133 0
t -27.77777862548828 -55.55555725097656 -27.77777862548828 -83.33333587646484 -55.55555725097656 27.77777862548828 -83.33333587646484 -55.55555725097656 -27.77777862548828 0 133 0
t -27.77777862548828 -55.55555725097656 -27.77777862548828 -27.77777862548828 -55.55555725097656 27.77777862548828 -83.33333587646484 -55.55555725097656 27.77777862548828 0 133 0
t -27.77777862548828 0 -27.77777862548828 -83.33333587646484 -55.55555725097656 -27.77777862548828 -83.33333587646484 0 -27.77777862548828 0 133 0
t -27.77777862548828 0 -27.77777862548828 -27.77777862548828 -55.55555725097656 -27.77777862548828 -83.33333587646484 -55.55555725097656 -27.77777862548828 0 133 0
t -83.33333587646484 0 27.77777862548828 -83.33333587646484 -55.55555725097656 27.77777862548828 -27.77777862548828 0 27.77777862548828 0 133 0
t -83.33333587646484 -55.55555725097656 27.77777862548828 -27.77777862548828 -55.55555725097656 27.77777862548828 -27.77777862548828 0 27.77777862548828 0 133 0
t -83.33333587646484 0 -27.77777862548828 -83.33333587646484 -55.55555725097656 -27.77777862548828 -83.33333587646484 0 27.77777862548828 0 133 0
t -83.33333587646484 -55.55555725097656 -27.77777862548828 -83.33333587646484 -55.55555725097656 27.77777862548828 -83.33333587646484 0 27.77777862548828 0 133 0
t 27.77777862548828 -55.55555725097656 -27.77777862548828 -27.77777862548828 -111.11111450195312 -27.77777862548828 -27.77777862548828 -55.55555725097656 -27.77777862548828 133 86 0
t 27.77777862548828 -55.55555725097656 -27.77777862548828 27.77777862548828 -111.11111450195312 -27.77777862548828 -27.77777862548828 -111.11111450195312 -27.77777862548828 133 86 0
t -27.77777862548828 -55.55555725097656 27.77777862548828 -27.77777862548828 -111.11111450195312 27.77777862548828 27.77777862548828 -55.55555725097656 27.77777862548828 133 86 0
t -27.77777862548828 -111.11111450195312 27.77777862548828 27.77777862548828 -111.11111450195312 27.77777862548828 27.77777862548828 -55.55555725097656 27.77777862548828 133 86 0
t -27.77777862548828 -55.55555725097656 -27.77777862548828 -27.77777862548828 -111.11111450195312 -27.77777862548828 -27.77777862548828 -55.55555725097656 27.77777862548828 133 86 0
t -27.77777862548828 -111.11111450195312 -27.77777862548828 -27.77777862548828 -111.11111450195312 27.77777862548828 -27.77777862548828 -55.55555725097656 27.77777862548828 133 86 0
t 27.77777862548828 -55.55555725097656 27.77777862548828 27.77777862548828 -111.11111450195312 -27.77777862548828 27.77777862548828 -55.55555725097656 -27.77777862548828 133 86 0
t 27.77777862548828 -55.55555725097656 27.77777862548828 27.77777862548828 -111.11111450195312 27.77777862548828 27.77777862548828 -111.11111450195312 -27.77777862548828 133 86 0
t 27.77777862548828 -111.11111450195312 -27.77777862548828 -27.77777862548828 -166.6666717529297 -27.77777862548828 -27.77777862548828 -111.11111450195312 -27.77777862548828 133 86 0
t 27.77777862548828 -111.11111450195312 -27.77777862548828 27.77777862548828 -166.6666717529297 -27.77777862548828 -27.77777862548828 -166.6666717529297 -27.77777862548828 133 86 0
t -27.77777862548828 -111.11111450195312 27.77777862548828 -27.77777862548828 -166.6666717529297 27.77777862548828 27.77777862548828 -111.11111450195312 27.77777862548828 133 86 0
t -27.77777862548828 -166.6666717529297 27.77777862548828 27.77777862548828 -166.6666717529297 27.77777862548828 27.77777862548828 -111.11111450195312 27.77777862548828 133 86 0
t -27.77777862548828 -111.11111450195312 -27.77777862548828 -27.77777862548828 -166.6666717529297 -27.77777862548828 -27.77777862548828 -111.11111450195312 27.77777862548828 133 86 0
t -27.77777862548828 -166.6666717529297 -27.77777862548828 -27.77777862548828 -166.6666717529297 27.77777862548828 -27.77777862548828 -111.11111450195312 27.77777862548828 133 86 0
t 27.77777862548828 -111.11111450195312 27.77777862548828 27.77777862548828 -166.6666717529297 -27.77777862548828 27.77777862548828 -111.11111450195312 -27.77777862548828 133 86 0
t 27.77777862548828 -111.11111450195312 27.77777862548828 27.77777862548828 -166.6666717529297 27.77777862548828 27.77777862548828 -166.6666717529297 -27.77777862548828 133 86 0
t 27.77777862548828 -222.22222900390625 -27.77777862548828 -27.77777862548828 -222.22222900390625 27.77777862548828 -27.77777862548828 -222.22222900390625 -27.77777862548828 133 86 0
t 27.77777862548828 -222.22222900390625 -27.77777862548828 27.77777862548828 -222.22222900390625 27.77777862548828 -27.77777862548828 -222.22222900390625 27.77777862548828 133 86 0
t 27.77777862548828 -166.6666717529297 -27.77777862548828 -27.77777862548828 -222.22222900390625 -27.77777862548828 -27.77777862548828 -166.6666717529297 -27.77777862548828 133 86 0
t 27.77777862548828 -166.6666717529297 -27.77777862548828 27.77777862548828 -222.22222900390625 -27.77777862548828 -27.77777862548828 -222.22222900390625 -27.77777862548828 133 86 0
t -27.77777862548828 -166.6666717529297 27.77777862548828 -27.77777862548828 -222.22222900390625 27.77777862548828 27.77777862548828 -166.6666717529297 27.77777862548828 133 86 0
t -27.77777862548828 -222.22222900390625 27.77777862548828 27.77777862548828 -222.22222900390625 27.77777862548828 27.77777862548828 -166.6666717529297 27.77777862548828 133 86 0
t -27.77777862548828 -166.6666717529297 -27.77777862548828 -27.77777862548828 -222.22222900390625 -27.77777862548828 -27.77777862548828 -166.6666717529297 27.77777862548828 133 86 0
t -27.77777862548828 -222.22222900390625 -27.77777862548828 -27.77777862548828 -222.22222900390625 27.77777862548828 -27.77777862548828 -166.6666717529297 27.77777862548828 133 86 0
t 27.77777862548828 -166.6666717529297 27.77777862548828 27.77777862548828 -222.22222900390625 -27.77777862548828 27.77777862548828 -166.6666717529297 -27.77777862548828 133 86 0
t 27.77777862548828 -166.6666717529297 27.77777862548828 27.77777862548828 -222.22222900390625 27.77777862548828 27.77777862548828 -222.22222900390625 -27.77777862548828 133 86 0
t -27.77777862548828 111.11111450195312 27.77777862548828 -27.77777862548828 111.11111450195312 83.33333587646484 27.77777862548828 111.11111450195312 27.77777862548828 0 133 0
t -27.77777862548828 111.11111450195312 83.33333587646484 27.77777862548828 111.11111450195312 83.33333587646484 27.77777862548828 111.11111450195312 27.77777862548828 0 133 0
t -27.77777862548828 111.11111450195312 83.33333587646484 -27.77777862548828 55.55555725097656 83.33333587646484 27.77777862548828 111.11111450195312 83.33333587646484 0 133 0
t -27.77777862548828 55.55555725097656 83.33333587646484 27.77777862548828 55.55555725097656 83.33333587646484 27.77777862548828 111.11111450195312 83.33333587646484 0 133 0
t -27.77777862548828 111.11111450195312 27.77777862548828 -27.77777862548828 55.55555725097656 27.77777862548828 -27.77777862548828 111.11111450195312 83.33333587646484 0 133 0
t -27.77777862548828 55.55555725097656 27.77777862548828 -27.77777862548828 55.55555725097656 83.33333587646484 -27.77777862548828 111.11111450195312 83.33333587646484 0 133 0
t 27.77777862548828 111.11111450195312 83.33333587646484 27.77777862548828 55.55555725097656 27.77777862548828 27.77777862548828 111.11111450195312 27.77777862548828 0 133 0
t 27.77777862548828 111.11111450195312 83.33333587646484 27.77777862548828 55.55555725097656 83.33333587646484 27.77777862548828 55.55555725097656 27.77777862548828 0 133 0
t 27.77777862548828 55.55555725097656 27.77777862548828 27.77777862548828 55.55555725097656 83.33333587646484 83.33333587646484 55.55555725097656 27.77777862548828 0 133 0
t 27.77777862548828 55.55555725097656 83.33333587646484 83.33333587646484 55.55555725097656 83.33333587646484 83.33333587646484 55.55555725097656 27.77777862548828 0 133 0
t 83.33333587646484 -1.4210854715202004e-14 27.77777862548828 27.77777862548828 -1.4210854715202004e-14 83.33333587646484 27.77777862548828 -1.4210854715202004e-14 27.77777862548828 0 133 0
t 83.33333587646484 -1.4210854715202004e-14 27.77777862548828 83.33333587646484 -1.4210854715202004e-14 83.33333587646484 27.77777862548828 -1.4210854715202004e-14 83.33333587646484 0 133 0
t 27.77777862548828 55.55555725097656 83.33333587646484 27.77777862548828 -1.4210854715202004e-14 83.33333587646484 83.33333587646484 55.55555725097656 83.33333587646484 0 133 0
t 27.77777862548828 -1.4210854715202004e-14 83.33333587646484 83.33333587646484 -1.4210854715202004e-14 83.33333587646484 83.33333587646484 55.55555725097656 83.33333587646484 0 133 0
t 83.33333587646484 55.55555725097656 83.33333587646484 83.33333587646484 -1.4210854715202004e-14 27.77777862548828 83.33333587646484 55.55555725097656 27.77777862548828 0 133 0
t 83.33333587646484 55.55555725097656 83.33333587646484 83.33333587646484 -1.4210854715202004e-14 83.33333587646484 83.33333587646484 -1.4210854715202004e-14 27.77777862548828 0 133 0
t -27.77777862548828 55.55555725097656 83.33333587646484 -27.77777862548828 -1.4210854715202004e-14 83.33333587646484 27.77777862548828 55.55555725097656 83.33333587646484 0 133 0
t -27.77777862548828 -1.4210854715202004e-14 83.33333587646484 27.77777862548828 -1.4210854715202004e-14 83.33333587646484 27.77777862548828 55.55555725097656 83.33333587646484 0 133 0
t -83.33333587646484 55.55555725097656 27.77777862548828 -83.33333587646484 55.55555725097656 83.33333587646484 -27.77777862548828 55.55555725097656 27.77777862548828 0 133 0
t -83.33333587646484 55.55555725097656 83.33333587646484 -27.77777862548828 55.55555725097656 83.33333587646484 -27.77777862548828 55.55555725097656 27.77777862548828 0 133 0
t -27.77777862548828 -1.4210854715202004e-14 27.77777862548828 -83.33333587646484 -1.4210854715202004e-14 83.33333587646484 -83.33333587646484 -1.4210854715202004e-14 27.77777862548828 0 133 0
t -27.77777862548828 -1.4210854715202004e-14 27.77777862548828 -27.77777862548828 -1.4210854715202004e-14 83.33333587646484 -83.33333587646484 -1.4210854715202004e-14 83.33333587646484 0 133 0
t -83.33333587646484 55.55555725097656 83.33333587646484 -83.33333587646484 -1.4210854715202004e-14 83.33333587646484 -27.77777862548828 55.55555725097656 83.33333587646484 0 133 0
t -83.33333587646484 -1.4210854715202004e-14 83.33333587646484 -27.77777862548828 -1.4210854715202004e-14 83.33333587646484 -27.77777862548828 55.55555725097656 83.33333587646484 0 133 0
t -83.33333587646484 55.55555725097656 27.77777862548828 -83.33333587646484 -1.4210854715202004e-14 27.77777862548828 -83.33333587646484 55.55555725097656 83.33333587646484 0 133 0
t -83.33333587646484 -1.4210854715202004e-14 27.77777862548828 -83.33333587646484 -1.4210854715202004e-14 83.33333587646484 -83.33333587646484 55.55555725097656 83.33333587646484 0 133 0
t 27.77777862548828 -55.55555725097656 27.77777862548828 -27.77777862548828 -55.55555725097656 83.33333587646484 -27.77777862548828 -55.55555725097656 27.77777862548828 0 133 0
t 27.77777862548828 -55.55555725097656 27.77777862548828 27.77777862548828 -55.55555725097656 83.33333587646484 -27.77777862548828 -55.55555725097656 83.33333587646484 0 133 0
t -27.77777862548828 0 83.33333587646484 -27.77777862548828 -55.55555725097656 83.33333587646484 27.77777862548828 0 83.33333587646484 0 133 0
t -27.77777862548828 -55.55555725097656 83.33333587646484 27.77777862548828 -55.55555725097656 83.33333587646484 27.77777862548828 0 83.33333587646484 0 133 0
t -27.77777862548828 0 27.77777862548828 -27.77777862548828 -55.55555725097656 27.77777862548828 -27.77777862548828 0 83.33333587646484 0 133 0
t -27.77777862548828 -55.55555725097656 27.77777862548828 -27.77777862548828 -55.55555725097656 83.33333587646484 -27.77777862548828 0 83.33333587646484 0 133 0
t 27.77777862548828 0 83.33333587646484 27.77777862548828 -55.55555725097656 27.77777862548828 27.77777862548828 0 27.77777862548828 0 133 0
t 27.77777862548828 0 83.33333587646484 27.77777862548828 -55.55555725097656 83.33333587646484 27.77777862548828 -55.55555725097656 27.77777862548828 0 133 0